Price,Adj Close,Close,High,Low,Open,Volume
Ticker,3663.T,3663.T,3663.T,3663.T,3663.T,3663.T
Date,,,,,,
2013-01-04,57.82967758178711,62.0,62.25,60.75,61.75,25200
2013-01-07,61.09426498413086,65.5,65.5,60.75,61.0,74400
2013-01-08,58.99560546875,63.25,65.25,62.25,65.0,28000
2013-01-09,58.99560546875,63.25,63.25,61.5,62.0,85600
2013-01-10,60.627891540527344,65.0,65.25,63.25,63.25,58800
2013-01-11,58.52924346923828,62.75,65.25,62.75,65.25,28800
2013-01-15,59.461971282958984,63.75,65.0,62.75,62.75,42000
2013-01-16,58.76241683959961,63.0,63.75,62.0,62.0,63200
2013-01-17,58.99560546875,63.25,63.25,61.75,63.0,66000
2013-01-18,58.29604721069336,62.5,63.75,62.25,63.25,30800
2013-01-21,59.228790283203125,63.5,65.0,62.75,62.75,81200
2013-01-22,59.228790283203125,63.5,64.5,63.0,63.5,17200
2013-01-23,58.76241683959961,63.0,64.0,62.75,63.75,24400
2013-01-24,58.76241683959961,63.0,64.0,62.75,64.0,28800
2013-01-25,59.228790283203125,63.5,64.5,62.5,62.75,82400
2013-01-28,60.8610725402832,65.25,65.25,63.5,64.0,140000
2013-01-29,60.627891540527344,65.0,65.25,63.75,65.25,88400
2013-01-30,66.45750427246094,71.25,72.25,65.25,65.25,391600
2013-01-31,64.35884857177734,69.0,70.75,68.25,70.25,89200
2013-02-01,62.7265510559082,67.25,69.75,65.5,69.25,142000
2013-02-04,61.09426498413086,65.5,69.75,65.5,68.5,224400
2013-02-05,60.394710540771484,64.75,65.5,64.25,65.0,103200
2013-02-06,58.99560546875,63.25,66.75,63.25,65.25,185600
2013-02-07,58.52924346923828,62.75,64.5,62.0,64.5,165600
2013-02-08,58.52924346923828,62.75,62.75,61.75,62.75,76400
2013-02-12,56.66375732421875,60.75,63.25,60.0,63.25,161200
2013-02-13,56.43057632446289,60.5,60.75,59.75,60.25,120000
2013-02-14,57.59649658203125,61.75,62.0,60.25,60.5,24800
2013-02-15,57.59649658203125,61.75,62.75,59.5,62.75,98000
2013-02-18,56.43057632446289,60.5,62.75,60.25,61.25,22400
2013-02-19,56.43057632446289,60.5,61.5,59.0,59.0,63600
2013-02-20,57.130130767822266,61.25,61.5,60.0,60.5,25600
2013-02-21,56.896942138671875,61.0,61.25,60.5,61.25,17600
2013-02-22,57.130130767822266,61.25,61.25,60.25,61.0,10800
2013-02-25,57.130130767822266,61.25,61.5,60.75,60.75,76000
2013-02-26,56.66375732421875,60.75,61.25,60.5,61.25,14000
2013-02-27,56.66375732421875,60.75,62.25,60.25,60.25,48800
2013-02-28,59.228790283203125,63.5,64.0,61.25,62.25,89600
2013-03-01,60.161521911621094,64.5,64.75,63.25,63.5,71200
2013-03-04,59.461971282958984,63.75,65.5,63.5,65.5,89200
2013-03-05,61.32744598388672,65.75,66.0,62.75,64.25,153600
2013-03-06,61.32744598388672,65.75,68.0,64.0,66.25,240000
2013-03-07,61.09426498413086,65.5,67.0,64.25,66.25,90000
2013-03-08,59.228790283203125,63.5,65.75,63.5,64.5,88000
2013-03-11,60.394710540771484,64.75,65.5,62.75,62.75,54800
2013-03-12,58.76241683959961,63.0,64.75,63.0,63.5,53600
2013-03-13,58.76241683959961,63.0,64.25,62.25,63.0,92400
2013-03-14,59.695152282714844,64.0,64.25,62.5,62.5,41600
2013-03-15,63.426090240478516,68.0,68.5,64.75,65.25,315200
2013-03-18,61.09426498413086,65.5,68.0,65.25,67.5,182000
2013-03-19,63.426090240478516,68.0,68.0,64.5,66.5,113200
2013-03-21,62.959739685058594,67.5,69.25,64.5,68.5,127600
2013-03-22,60.8610725402832,65.25,67.25,65.0,66.25,86400
2013-03-25,62.260189056396484,66.75,66.75,64.25,65.75,78800
2013-03-26,65.5247573852539,70.25,70.25,65.25,68.25,273600
2013-03-27,65.5247573852539,70.25,71.25,69.0,69.0,211200
2013-03-28,65.7579574584961,70.5,70.75,68.5,70.25,93200
2013-03-29,65.7579574584961,70.5,70.5,69.0,70.25,64000
2013-04-01,71.3543701171875,76.5,90.5,67.25,70.0,2160000
2013-04-02,71.5875473022461,76.75,79.75,73.25,78.5,587600
2013-04-03,70.18844604492188,75.25,78.75,75.25,78.75,338000
2013-04-04,69.25570678710938,74.25,76.75,66.5,74.5,350400
2013-04-05,67.85660552978516,72.75,76.5,72.75,76.25,148400
2013-04-08,67.62342834472656,72.5,73.25,70.0,73.25,245600
2013-04-09,65.7579574584961,70.5,73.75,70.25,73.5,143200
2013-04-10,65.99113464355469,70.75,73.5,69.5,70.0,128000
2013-04-11,72.05392456054688,77.25,77.75,72.75,74.75,367600
2013-04-12,72.52029418945312,77.75,77.75,74.5,75.5,176400
2013-04-15,71.12117767333984,76.25,77.75,75.0,77.5,124800
2013-04-16,71.12117767333984,76.25,76.25,73.5,75.5,128000
2013-04-17,71.12117767333984,76.25,79.25,76.25,78.0,306000
2013-04-18,72.28709411621094,77.5,81.5,76.0,76.25,327600
2013-04-19,78.11670684814453,83.75,83.75,77.75,79.0,536000
2013-04-22,82.31402587890625,88.25,91.25,83.75,87.25,844800
2013-04-23,81.84764862060547,87.75,88.25,85.0,87.5,204400
2013-04-24,86.27816009521484,92.5,92.5,84.75,87.5,380400
2013-04-25,84.8790512084961,91.0,94.75,88.5,93.5,355600
2013-04-26,79.74898529052734,85.5,91.75,82.75,89.0,396000
2013-04-30,94.90596008300781,101.75,105.5,95.0,95.25,2167200
2013-05-01,90.70865631103516,97.25,99.25,95.0,97.5,979600
2013-05-02,91.40821075439453,98.0,101.5,97.75,99.0,399200
2013-05-07,93.04048919677734,99.75,102.5,99.0,100.5,370000
2013-05-08,97.70417785644531,104.75,105.0,100.75,101.0,609600
2013-05-09,97.2378158569336,104.25,112.5,103.75,104.75,608000
2013-05-10,99.10328674316406,106.25,109.75,102.5,105.25,328000
2013-05-13,100.73558044433594,108.0,117.0,105.75,105.75,479600
2013-05-14,99.10328674316406,106.25,110.75,105.5,108.75,241600
2013-05-15,92.10774993896484,98.75,106.0,96.75,104.5,593200
2013-05-16,85.11223602294922,91.25,98.75,82.5,96.75,456400
2013-05-17,89.77592468261719,96.25,97.25,91.25,91.5,154800
2013-05-20,86.97769927978516,93.25,99.0,93.25,99.0,197600
2013-05-21,90.70865631103516,97.25,100.0,94.75,96.75,122400
2013-05-22,86.51133728027344,92.75,97.25,91.25,97.25,199200
2013-05-23,77.65033721923828,83.25,91.5,82.5,91.25,350800
2013-05-24,82.54721069335938,88.5,90.0,82.25,87.5,185600
2013-05-27,79.74898529052734,85.5,89.75,83.25,87.25,70000
2013-05-28,85.11223602294922,91.25,91.25,86.25,86.25,134800
2013-05-29,85.34541320800781,91.5,92.5,90.0,91.0,20800
2013-05-30,80.91490936279297,86.75,92.0,86.75,91.75,76800
2013-05-31,85.11223602294922,91.25,91.25,87.75,87.75,47600
2013-06-03,81.14808654785156,87.0,91.25,87.0,90.5,58000
2013-06-04,80.91490936279297,86.75,89.75,84.5,87.25,116400
2013-06-05,81.6144790649414,87.5,93.5,86.75,87.75,120800
2013-06-06,74.85211944580078,80.25,86.25,77.5,83.75,176000
2013-06-07,74.3857650756836,79.75,79.75,70.0,74.25,144800
2013-06-10,77.65033721923828,83.25,83.75,77.5,80.25,126800
2013-06-11,77.65033721923828,83.25,85.25,79.25,85.25,34800
2013-06-12,77.18396759033203,82.75,82.75,77.0,81.25,60000
2013-06-13,74.3857650756836,79.75,82.0,77.75,79.5,36400
2013-06-14,74.61892700195312,80.0,82.0,79.25,81.25,66000
2013-06-17,77.41716003417969,83.0,83.0,78.75,78.75,72800
2013-06-18,76.9507827758789,82.5,83.75,79.75,83.25,25200
2013-06-19,78.11670684814453,83.75,84.0,81.5,81.5,55600
2013-06-20,79.28263854980469,85.0,87.5,84.0,84.0,23600
2013-06-21,78.58308410644531,84.25,85.0,80.5,81.0,42400
2013-06-24,80.6817398071289,86.5,86.5,83.5,83.5,25200
2013-06-25,77.65033721923828,83.25,86.5,80.25,86.5,94400
2013-06-26,72.52029418945312,77.75,82.5,74.5,82.0,119600
2013-06-27,73.91938018798828,79.25,79.25,74.0,77.75,75200
2013-06-28,74.3857650756836,79.75,81.25,77.75,80.0,38800
2013-07-01,73.91938018798828,79.25,81.75,79.25,81.25,32800
2013-07-02,76.48441314697266,82.0,83.75,81.0,83.25,35600
2013-07-03,80.91490936279297,86.75,87.0,83.25,83.25,114400
2013-07-04,85.57859802246094,91.75,91.75,87.25,88.0,150800
2013-07-05,82.08084106445312,88.0,92.5,88.0,92.0,156400
2013-07-08,83.24676513671875,89.25,92.5,88.25,90.5,91200
2013-07-09,83.94630432128906,90.0,91.0,89.25,91.0,76400
2013-07-10,88.14362335205078,94.5,95.5,91.0,92.0,158800
2013-07-11,87.21089172363281,93.5,95.0,92.75,92.75,68800
2013-07-12,88.37682342529297,94.75,94.75,92.0,92.25,74000
2013-07-16,90.47547149658203,97.0,97.0,94.5,95.75,216400
2013-07-17,88.61000061035156,95.0,98.0,92.5,97.5,155600
2013-07-18,90.94184112548828,97.5,99.5,94.5,95.0,1848400
2013-07-19,92.80730438232422,99.5,102.5,95.5,99.5,532800
2013-07-22,95.13915252685547,102.0,104.5,98.75,98.75,262400
2013-07-23,98.87010955810547,106.0,111.0,104.0,104.0,817200
2013-07-24,95.83870697021484,102.75,107.25,100.75,106.25,295200
2013-07-25,94.67278289794922,101.5,104.75,100.75,102.75,142400
2013-07-26,90.70865631103516,97.25,99.25,94.5,98.25,352400
2013-07-29,80.91490936279297,86.75,94.5,83.75,93.25,520800
2013-07-30,83.24676513671875,89.25,90.0,84.5,87.0,226000
2013-07-31,78.8162612915039,84.5,89.25,84.5,88.5,176400
2013-08-01,87.67726135253906,94.0,104.5,79.75,83.75,1830800
2013-08-02,106.7983627319336,114.5,114.5,112.75,114.5,975200
2013-08-05,125.4531021118164,134.5,134.5,134.5,134.5,254400
2013-08-06,120.08987426757812,128.75,152.5,118.75,124.5,3885200
2013-08-07,114.49344635009766,122.75,139.0,121.25,133.75,1473600
2013-08-08,120.78942108154297,129.5,142.75,117.0,121.5,3813200
2013-08-09,121.25578308105469,130.0,140.0,125.5,130.75,1632000
2013-08-12,109.13021087646484,117.0,134.75,106.0,127.5,1253200
2013-08-13,111.46205139160156,119.5,123.75,110.0,115.25,674000
2013-08-14,109.13021087646484,117.0,123.75,114.75,115.75,362000
2013-08-15,107.49791717529297,115.25,120.0,111.5,113.75,350000
2013-08-16,103.7669677734375,111.25,116.25,110.0,116.25,276400
2013-08-19,109.59657287597656,117.5,117.5,108.0,112.25,427200
2013-08-20,109.59657287597656,117.5,135.0,115.0,120.5,1612400
2013-08-21,109.82975769042969,117.75,123.25,115.25,122.5,365600
2013-08-22,103.7669677734375,111.25,115.25,111.25,115.25,253200
2013-08-23,103.30059051513672,110.75,115.0,110.75,112.25,166800
2013-08-26,97.70417785644531,104.75,109.75,104.75,108.75,276400
2013-08-27,106.56517791748047,114.25,116.25,104.5,105.0,252800
2013-08-28,100.26920318603516,107.5,113.5,105.0,107.75,271600
2013-08-29,99.80284118652344,107.0,110.5,105.25,109.0,175200
2013-08-30,98.63690185546875,105.75,110.75,105.5,110.75,127600
2013-09-02,93.27367401123047,100.0,105.0,100.0,105.0,183600
2013-09-03,97.004638671875,104.0,106.0,101.25,102.5,110000
2013-09-04,102.6010513305664,110.0,122.25,102.0,103.5,1051200
2013-09-05,98.63690185546875,105.75,109.75,105.5,108.75,196400
2013-09-06,96.77144622802734,103.75,107.5,103.25,105.5,139600
2013-09-09,96.07188415527344,103.0,104.5,101.25,102.75,115600
2013-09-10,94.4395980834961,101.25,104.5,100.0,104.5,165200
2013-09-11,97.47099304199219,104.5,107.0,101.25,101.75,228400
2013-09-12,95.37232971191406,102.25,105.75,101.25,105.75,139200
2013-09-13,95.60551452636719,102.5,103.75,100.0,103.0,226400
2013-09-17,94.90596008300781,101.75,103.5,100.5,103.25,110400
2013-09-18,95.13915252685547,102.0,103.75,101.25,102.25,160400
2013-09-19,97.47099304199219,104.5,104.5,101.0,103.75,315600
2013-09-20,97.70417785644531,104.75,106.25,103.0,103.75,273600
2013-09-24,116.35892486572266,124.75,124.75,112.75,118.75,2073200
2013-09-25,135.01365661621094,144.75,144.75,120.75,136.75,4000400
2013-09-26,157.3993377685547,168.75,169.75,137.75,139.75,4585600
2013-09-27,167.89260864257812,180.0,192.25,153.5,163.75,4411600
2013-09-30,202.87025451660156,217.5,217.5,187.75,191.25,4166000
2013-10-01,167.89260864257812,180.0,217.25,180.0,210.0,3146800
2013-10-02,163.2289581298828,175.0,195.5,168.5,179.25,2057200
2013-10-03,150.40380859375,161.25,185.0,153.75,172.5,2303200
2013-10-04,148.7715301513672,159.5,170.5,153.0,161.25,1366000
2013-10-07,131.7490692138672,141.25,156.0,139.75,153.25,1793600
2013-10-08,146.6728515625,157.25,162.25,139.75,141.25,1560000
2013-10-09,138.97779846191406,149.0,154.5,143.25,150.0,1309600
2013-10-10,133.8477783203125,143.5,153.0,142.75,146.5,1047600
2013-10-11,138.2782440185547,148.25,156.0,144.0,147.5,987600
2013-10-15,156.00022888183594,167.25,173.25,148.75,148.75,3176400
2013-10-16,143.87464904785156,154.25,163.5,152.5,160.0,1370000
2013-10-17,142.708740234375,153.0,159.25,150.5,159.25,763600
2013-10-18,144.57418823242188,155.0,160.0,148.5,151.5,594400
2013-10-21,145.04058837890625,155.5,165.0,151.5,156.75,967200
2013-10-22,168.35897827148438,180.5,180.5,157.25,160.5,1306800
2013-10-23,203.33660888671875,218.0,218.0,218.0,218.0,294000
2013-10-24,211.0316925048828,226.25,255.5,223.75,249.75,8553200
2013-10-25,194.7088165283203,208.75,226.25,201.75,222.75,2263600
2013-10-28,173.72222900390625,186.25,202.5,182.75,200.25,2387200
2013-10-29,186.54734802246094,200.0,205.0,195.75,196.25,2676400
2013-10-30,174.6549530029297,187.25,215.5,185.0,202.0,1510800
2013-10-31,171.6235809326172,184.0,187.25,187.25,187.25,0
2013-11-01,167.89260864257812,180.0,182.75,170.0,182.75,909200
2013-11-05,182.81642150878906,196.0,196.75,178.75,180.0,886800
2013-11-06,172.32313537597656,184.75,191.75,181.25,190.0,625200
2013-11-07,169.05853271484375,181.25,188.25,179.5,183.0,285200
2013-11-08,165.56077575683594,177.5,180.0,175.0,176.5,272000
2013-11-11,156.69976806640625,168.0,183.75,168.0,181.25,514400
2013-11-12,161.13027954101562,172.75,174.0,162.5,165.5,339600
2013-11-13,184.44869995117188,197.75,197.75,174.75,174.75,985600
2013-11-14,178.15274047851562,191.0,222.5,188.75,205.25,2394400
2013-11-15,200.07203674316406,214.5,222.0,195.25,200.0,2234000
2013-11-18,226.42185974121094,242.75,252.0,223.75,229.5,6186000
2013-11-19,209.8657684326172,225.0,255.0,220.0,250.25,3236000
2013-11-20,198.20657348632812,212.5,243.75,212.5,243.75,2381600
2013-11-21,208.0002899169922,223.0,233.25,204.0,210.75,2855600
2013-11-22,194.242431640625,208.25,223.0,201.5,215.5,1807200
2013-11-25,189.57875061035156,203.25,210.0,198.5,200.75,1038000
2013-11-26,199.13934326171875,213.5,221.5,200.25,204.0,1610800
2013-11-27,190.74465942382812,204.5,213.5,202.0,210.0,923200
2013-11-28,188.8791961669922,202.5,208.75,195.25,208.25,842000
2013-11-29,187.9464874267578,201.5,212.5,196.75,203.0,1012800
2013-12-02,187.9464874267578,201.5,207.5,199.0,203.0,475200
2013-12-03,183.7491455078125,197.0,203.0,195.0,202.5,605600
2013-12-04,186.54734802246094,200.0,200.75,190.25,192.5,563600
2013-12-05,184.2154998779297,197.5,206.75,195.0,201.75,688400
2013-12-06,175.58770751953125,188.25,197.0,187.5,195.0,671200
2013-12-09,175.12135314941406,187.75,193.75,187.25,192.0,338000
2013-12-10,180.0181884765625,193.0,204.25,186.5,189.0,1730800
2013-12-11,173.9553985595703,186.5,191.25,180.75,190.5,662800
2013-12-12,166.4935302734375,178.5,185.0,176.0,185.0,615600
2013-12-13,162.06301879882812,173.75,183.0,172.5,178.0,661200
2013-12-16,166.72669982910156,178.75,195.0,166.75,194.75,1738400
2013-12-17,159.03163146972656,170.5,178.75,170.0,173.0,595600
2013-12-18,155.30067443847656,166.5,169.25,162.5,164.5,640000
2013-12-19,158.79844665527344,170.25,178.75,166.25,172.25,693200
2013-12-20,151.8029327392578,162.75,170.0,160.0,167.75,579200
2013-12-24,142.2423553466797,152.5,160.25,150.5,157.75,905600
2013-12-25,150.40380859375,161.25,164.75,151.0,152.75,506000
2013-12-26,158.3320770263672,169.75,175.0,156.5,158.75,791200
2013-12-27,152.03611755371094,163.0,166.5,162.25,165.0,334000
2013-12-30,161.59664916992188,173.25,174.5,162.0,165.25,308400
2014-01-06,159.26480102539062,170.75,173.75,168.25,171.0,235600
2014-01-07,165.09442138671875,177.0,178.25,170.0,170.75,442000
2014-01-08,200.07203674316406,214.5,214.5,178.25,178.25,3386400
2014-01-09,179.55184936523438,192.5,214.25,192.5,207.0,3416800
2014-01-10,172.78948974609375,185.25,197.0,183.25,196.25,713600
2014-01-14,170.4576416015625,182.75,197.5,179.25,180.25,744800
2014-01-15,168.12579345703125,180.25,187.0,178.25,183.75,422400
2014-01-16,165.09442138671875,177.0,183.25,176.0,180.25,316400
2014-01-17,164.39486694335938,176.25,176.25,170.25,175.0,290800
2014-01-20,163.92849731445312,175.75,182.0,175.0,177.25,237200
2014-01-21,169.52491760253906,181.75,190.0,175.75,179.5,527200
2014-01-22,167.89260864257812,180.0,182.5,175.0,180.0,258000
2014-01-23,163.69529724121094,175.5,182.0,175.25,177.75,227200
2014-01-24,158.56527709960938,170.0,175.0,167.5,171.75,324800
2014-01-27,147.37242126464844,158.0,166.25,157.75,164.5,344000
2014-01-28,145.74012756347656,156.25,163.75,154.0,163.0,208800
2014-01-29,150.8701629638672,161.75,168.5,159.25,160.0,228000
2014-01-30,142.4755401611328,152.75,157.5,152.5,157.5,277600
2014-01-31,141.5428009033203,151.75,159.0,148.0,156.0,256800
2014-02-03,118.2243881225586,126.75,126.75,126.75,126.75,56800
2014-02-04,94.90596008300781,101.75,108.0,101.75,101.75,4316000
2014-02-05,92.80730438232422,99.5,108.5,90.25,105.75,2468400
2014-02-06,96.77144622802734,103.75,110.5,96.5,100.25,1189600
2014-02-07,100.50238800048828,107.75,117.5,106.25,113.75,1026000
2014-02-10,109.59657287597656,117.5,124.75,105.75,106.0,913600
2014-02-12,103.7669677734375,111.25,116.25,110.0,113.25,874400
2014-02-13,96.07188415527344,103.0,109.75,102.5,108.75,646800
2014-02-14,96.07188415527344,103.0,107.5,100.5,103.0,514400
2014-02-17,95.37232971191406,102.25,112.0,99.0,105.0,578000
2014-02-18,101.20194244384766,108.5,115.75,100.25,102.25,609200
2014-02-19,98.1705551147461,105.25,111.5,105.0,106.25,320400
2014-02-20,96.30509948730469,103.25,109.0,101.5,103.25,342400
2014-02-21,97.2378158569336,104.25,107.5,102.0,102.0,205600
2014-02-24,96.30509948730469,103.25,108.75,102.75,105.25,346800
2014-02-25,95.13915252685547,102.0,104.75,101.75,104.5,530000
2014-02-26,94.2064208984375,101.0,103.5,101.0,102.25,216400
2014-02-27,91.40821075439453,98.0,102.25,97.5,102.25,435200
2014-02-28,88.37682342529297,94.75,99.75,92.5,98.0,532800
2014-03-03,87.44407653808594,93.75,96.5,89.25,92.0,324000
2014-03-04,88.37682342529297,94.75,95.75,91.25,91.25,246800
2014-03-05,92.10774993896484,98.75,103.75,95.75,95.75,632000
2014-03-06,94.4395980834961,101.25,102.5,97.75,101.5,278000
2014-03-07,93.74003601074219,100.5,103.25,98.5,102.5,209600
2014-03-10,96.07188415527344,103.0,106.25,100.75,101.0,307200
2014-03-11,95.60551452636719,102.5,105.0,102.0,103.5,286000
2014-03-12,92.10774993896484,98.75,102.75,98.75,102.0,206800
2014-03-13,90.70865631103516,97.25,99.5,95.0,99.5,133200
2014-03-14,84.41267395019531,90.5,94.75,90.25,93.25,388800
2014-03-17,79.28263854980469,85.0,90.75,83.5,88.75,247200
2014-03-18,82.08084106445312,88.0,91.0,85.75,86.0,166400
2014-03-19,83.7131118774414,89.75,91.25,85.75,90.0,98400
2014-03-20,75.55167388916016,81.0,88.75,80.0,87.0,452800
2014-03-24,76.9507827758789,82.5,84.0,79.75,80.0,164400
2014-03-25,74.3857650756836,79.75,82.0,78.75,80.25,219200
2014-03-26,75.3185043334961,80.75,81.25,76.75,79.0,152400
2014-03-27,75.3185043334961,80.75,81.75,79.25,81.75,74000
2014-03-28,79.51581573486328,85.25,85.25,80.5,81.75,163200
2014-03-31,82.78038787841797,88.75,89.0,85.75,85.75,96000
2014-04-01,86.51133728027344,92.75,92.75,87.75,89.0,111200
2014-04-02,88.61000061035156,95.0,95.25,93.0,93.75,154800
2014-04-03,89.77592468261719,96.25,100.25,95.0,96.5,219200
2014-04-04,84.41267395019531,90.5,94.0,90.0,93.25,246000
2014-04-07,81.6144790649414,87.5,88.5,85.25,85.25,143200
2014-04-08,80.44854736328125,86.25,89.75,85.0,85.25,104000
2014-04-09,78.11670684814453,83.75,86.25,83.0,84.5,209600
2014-04-10,96.77144622802734,103.75,103.75,85.5,85.5,724000
2014-04-11,115.42617797851562,123.75,123.75,123.75,123.75,564800
2014-04-14,134.08091735839844,143.75,143.75,141.75,143.25,1706000
2014-04-15,126.38581848144531,135.5,162.5,130.25,161.25,8539200
2014-04-16,120.55623626708984,129.25,151.25,123.25,150.0,4138400
2014-04-17,119.85668182373047,128.5,154.25,116.25,128.0,7127200
2014-04-18,113.79388427734375,122.0,129.75,119.25,124.75,3136800
2014-04-21,117.7580337524414,126.25,142.0,126.0,130.0,3207600
2014-04-22,109.59657287597656,117.5,133.5,116.5,121.75,2255600
2014-04-23,114.02706146240234,122.25,132.25,119.25,121.5,2264000
2014-04-24,110.76249694824219,118.75,124.25,118.25,124.25,770400
2014-04-25,107.7311019897461,115.5,120.0,114.25,117.5,487600
2014-04-28,96.77144622802734,103.75,106.25,101.75,105.5,1000400
2014-04-30,93.04048919677734,99.75,107.5,98.5,103.5,638400
2014-05-01,93.04048919677734,99.75,101.75,95.0,98.75,453200
2014-05-02,102.13467407226562,109.5,114.5,99.0,99.0,1303600
2014-05-07,101.9014892578125,109.25,123.5,101.75,105.5,2525200
2014-05-08,102.36787414550781,109.75,129.25,109.25,125.25,5282400
2014-05-09,102.36787414550781,109.75,122.0,107.5,111.25,1528000
2014-05-12,92.80730438232422,99.5,110.0,98.75,109.75,1072000
2014-05-13,93.74003601074219,100.5,104.0,99.25,102.5,568000
2014-05-14,93.74003601074219,100.5,102.75,99.0,102.25,297200
2014-05-15,94.4395980834961,101.25,102.25,96.5,98.5,443600
2014-05-16,90.24227142333984,96.75,100.5,95.75,99.0,418400
2014-05-19,89.77592468261719,96.25,105.75,94.75,95.5,1188000
2014-05-20,88.61000061035156,95.0,97.5,93.0,95.0,266800
2014-05-21,90.00909423828125,96.5,96.5,93.0,93.75,196400
2014-05-22,93.27367401123047,100.0,101.5,95.0,97.0,318400
2014-05-23,93.27367401123047,100.0,104.5,97.75,98.0,605600
2014-05-26,99.33647155761719,106.5,108.0,100.25,100.25,999200
2014-05-27,97.93736267089844,105.0,109.0,105.0,107.0,417200
2014-05-28,102.834228515625,110.25,118.0,105.5,106.5,1269200
2014-05-29,107.2647476196289,115.0,120.75,113.5,117.25,1120000
2014-05-30,105.3992691040039,113.0,116.5,110.5,115.0,311200
2014-06-02,105.3992691040039,113.0,113.0,113.0,113.0,0
2014-06-03,105.8656234741211,113.5,118.0,110.0,117.5,571200
2014-06-04,106.56517791748047,114.25,117.5,111.0,112.5,628400
2014-06-05,115.1929931640625,123.5,128.5,114.75,115.25,1636800
2014-06-06,119.39030456542969,128.0,128.5,118.5,124.75,1224000
2014-06-09,128.4844970703125,137.75,153.0,128.75,128.75,3559200
2014-06-10,120.08987426757812,128.75,142.25,127.75,136.5,1184000
2014-06-11,117.9912109375,126.5,130.25,125.0,127.5,537600
2014-06-12,115.8925552368164,124.25,126.0,122.0,122.5,688800
2014-06-13,114.95980834960938,123.25,124.0,119.5,123.0,384800
2014-06-16,117.52483367919922,126.0,134.25,123.25,126.75,821600
2014-06-17,119.62348937988281,128.25,136.5,125.0,125.0,873600
2014-06-18,120.08987426757812,128.75,132.25,126.75,127.75,384000
2014-06-19,125.91947937011719,135.0,137.75,129.0,129.0,963200
2014-06-20,120.78942108154297,129.5,135.0,129.5,133.25,502000
2014-06-23,117.52483367919922,126.0,132.0,125.25,128.5,387200
2014-06-24,116.59209442138672,125.0,127.5,121.75,125.0,521600
2014-06-25,113.3275146484375,121.5,125.0,121.5,122.5,346400
2014-06-26,121.48896789550781,130.25,137.5,121.25,121.5,1643600
2014-06-27,119.15713500976562,127.75,136.25,127.5,134.5,920000
2014-06-30,119.85668182373047,128.5,129.25,125.0,129.25,322000
2014-07-01,118.69075775146484,127.25,130.75,126.5,128.75,186800
2014-07-02,118.2243881225586,126.75,132.5,126.25,129.75,400000
2014-07-03,117.52483367919922,126.0,128.5,125.25,126.75,232800
2014-07-04,117.05848693847656,125.5,128.25,125.25,128.25,244800
2014-07-07,114.72661590576172,123.0,130.25,122.75,125.5,845600
2014-07-08,113.3275146484375,121.5,124.0,121.25,124.0,236800
2014-07-09,110.29612731933594,118.25,120.5,118.0,119.75,265200
2014-07-10,107.96429443359375,115.75,119.5,115.75,118.5,165600
2014-07-11,107.7311019897461,115.5,117.5,114.0,117.5,130400
2014-07-14,107.49791717529297,115.25,117.5,115.25,117.5,72400
2014-07-15,109.36339569091797,117.25,117.25,115.5,116.75,114000
2014-07-16,108.4306411743164,116.25,118.75,116.0,117.25,110800
2014-07-17,108.89702606201172,116.75,118.75,116.5,117.5,93200
2014-07-18,107.2647476196289,115.0,116.75,114.25,116.25,93200
2014-07-22,107.96429443359375,115.75,117.0,113.75,113.75,74400
2014-07-23,106.09882354736328,113.75,116.5,113.75,114.5,91600
2014-07-24,104.9328842163086,112.5,114.25,111.0,113.75,140000
2014-07-25,104.23333740234375,111.75,113.0,111.25,111.5,98800
2014-07-28,101.66830444335938,109.0,111.5,108.75,110.0,211600
2014-07-29,105.3992691040039,113.0,114.25,109.25,109.25,184000
2014-07-30,103.06742095947266,110.5,114.0,110.0,111.5,110800
2014-07-31,100.50238800048828,107.75,112.0,106.25,110.5,180400
2014-08-01,99.80284118652344,107.0,107.0,104.75,105.5,153600
2014-08-04,97.93736267089844,105.0,107.0,104.0,105.5,64800
2014-08-05,96.07188415527344,103.0,105.75,102.5,105.0,107600
2014-08-06,93.04048919677734,99.75,103.25,99.0,102.5,131600
2014-08-07,96.30509948730469,103.25,103.25,98.25,98.25,50400
2014-08-08,94.2064208984375,101.0,106.0,98.75,100.0,198400
2014-08-11,102.6010513305664,110.0,111.25,101.25,101.25,210000
2014-08-12,100.26920318603516,107.5,108.5,106.25,108.5,76400
2014-08-13,97.004638671875,104.0,107.5,103.0,107.5,62400
2014-08-14,96.77144622802734,103.75,105.5,102.5,103.25,93200
2014-08-15,98.63690185546875,105.75,107.5,103.25,104.75,95200
2014-08-18,108.89702606201172,116.75,119.25,106.5,106.5,673200
2014-08-19,106.7983627319336,114.5,117.0,110.25,116.75,179200
2014-08-20,105.3992691040039,113.0,115.25,110.25,114.75,86800
2014-08-21,104.9328842163086,112.5,114.5,111.25,111.25,88000
2014-08-22,102.36787414550781,109.75,113.25,109.25,113.25,55600
2014-08-25,121.02259826660156,129.75,129.75,109.25,109.75,1286800
2014-08-26,144.3410186767578,154.75,154.75,142.5,154.75,3740000
2014-08-27,149.00469970703125,159.75,179.75,150.0,152.25,8972800
2014-08-28,132.91500854492188,142.5,162.5,142.5,161.25,2012800
2014-08-29,123.82081604003906,132.75,140.0,131.5,135.5,1615600
2014-09-01,130.34996032714844,139.75,152.75,132.5,134.5,1442800
2014-09-02,136.41275024414062,146.25,147.0,139.0,141.75,773600
2014-09-03,159.731201171875,171.25,171.25,143.0,146.5,7158800
2014-09-04,148.7715301513672,159.5,172.25,158.0,166.0,2491200
2014-09-05,148.7715301513672,159.5,184.5,157.5,169.5,7018800
2014-09-08,142.4755401611328,152.75,161.75,150.0,152.0,1478000
2014-09-09,136.41275024414062,146.25,154.25,145.5,152.75,829600
2014-09-10,145.97329711914062,156.5,167.25,148.0,148.25,1900800
2014-09-11,141.07643127441406,151.25,155.5,147.5,155.25,773200
2014-09-12,148.538330078125,159.25,166.75,156.25,161.25,1861200
2014-09-16,141.07643127441406,151.25,155.25,148.75,152.75,1105200
2014-09-17,151.8029327392578,162.75,176.25,150.0,151.25,4832400
2014-09-18,152.03611755371094,163.0,181.5,162.75,172.5,3792000
2014-09-19,149.4710693359375,160.25,171.0,158.75,160.25,948000
2014-09-22,157.3993377685547,168.75,172.5,158.25,167.5,1042800
2014-09-24,166.2603302001953,178.25,184.0,166.0,166.25,2983600
2014-09-25,179.08544921875,192.0,203.25,177.5,179.75,4998000
2014-09-26,194.7088165283203,208.75,218.0,190.0,197.5,4764800
2014-09-29,183.7491455078125,197.0,214.5,193.75,212.5,2286000
2014-09-30,163.69529724121094,175.5,195.75,169.25,190.0,2928800
2014-10-01,152.03611755371094,163.0,177.5,163.0,176.0,2040800
2014-10-02,145.04058837890625,155.5,170.75,155.5,161.0,1697200
2014-10-03,153.6683807373047,164.75,164.75,156.0,161.25,1154000
2014-10-06,153.9015655517578,165.0,173.5,162.0,165.75,798000
2014-10-07,142.708740234375,153.0,167.5,152.75,162.5,1189200
2014-10-08,141.30963134765625,151.5,153.75,143.0,149.75,743600
2014-10-09,134.08091735839844,143.75,159.25,141.75,151.5,903600
2014-10-10,128.25131225585938,137.5,140.75,130.75,133.75,1145200
2014-10-14,120.55623626708984,129.25,135.5,127.5,135.5,705200
2014-10-15,127.55176544189453,136.75,141.25,132.75,136.75,664800
2014-10-16,117.9912109375,126.5,131.0,125.75,127.75,624800
2014-10-17,116.59209442138672,125.0,131.5,122.5,128.75,369200
2014-10-20,125.21990966796875,134.25,137.25,130.0,130.0,316000
2014-10-21,130.58316040039062,140.0,156.25,130.0,132.5,1944400
2014-10-22,131.28269958496094,140.75,150.75,139.5,140.0,674800
2014-10-23,132.91500854492188,142.5,144.5,134.5,138.5,483200
2014-10-24,127.08537292480469,136.25,145.5,136.0,141.75,411600
2014-10-27,121.48896789550781,130.25,135.0,130.25,133.75,363200
2014-10-28,122.18852996826172,131.0,132.0,126.25,128.0,294800
2014-10-29,121.7221450805664,130.5,133.25,127.5,130.25,229200
2014-10-30,117.9912109375,126.5,131.5,125.0,128.0,300000
2014-10-31,120.55623626708984,129.25,129.25,124.5,128.25,329600
2014-11-04,115.1929931640625,123.5,125.0,117.75,125.0,612000
2014-11-05,123.12126159667969,132.0,132.5,122.0,122.0,345200
2014-11-06,123.82081604003906,132.75,139.75,127.75,132.0,427600
2014-11-07,147.13922119140625,157.75,157.75,157.75,157.75,433600
2014-11-10,142.2423553466797,152.5,165.75,147.5,152.75,2464800
2014-11-11,139.91050720214844,150.0,160.5,147.5,151.25,889200
2014-11-12,131.98226928710938,141.5,153.0,140.25,150.75,740800
2014-11-13,134.54730224609375,144.25,150.75,135.75,140.75,692400
2014-11-14,127.3185806274414,136.5,144.0,133.75,142.25,622400
2014-11-17,124.28717041015625,133.25,139.5,131.75,137.5,245200
2014-11-18,132.2154541015625,141.75,144.0,133.25,137.25,539600
2014-11-19,145.97329711914062,156.5,166.75,154.25,161.75,7998800
2014-11-20,134.54730224609375,144.25,156.5,144.0,154.75,1862000
2014-11-21,149.23785400390625,160.0,160.25,142.5,144.75,1684800
2014-11-25,152.50247192382812,163.5,169.5,153.75,161.0,1681600
2014-11-26,164.6280517578125,176.5,177.25,161.0,162.5,2429600
2014-11-27,160.43072509765625,172.0,184.0,168.0,178.75,2421200
2014-11-28,148.7715301513672,159.5,174.5,158.0,172.0,1423600
2014-12-01,151.56973266601562,162.5,165.0,158.0,162.0,624400
2014-12-02,155.7670440673828,167.0,167.5,160.0,160.0,511600
2014-12-03,152.50247192382812,163.5,171.25,160.25,165.5,824800
2014-12-04,146.6728515625,157.25,166.0,157.25,166.0,573600
2014-12-05,150.17062377929688,161.0,161.25,154.25,156.5,278800
2014-12-08,146.90603637695312,157.5,165.5,157.5,161.25,290000
2014-12-09,144.10784912109375,154.5,159.75,153.75,156.25,248800
2014-12-10,151.1033477783203,162.0,162.5,151.75,152.5,407600
2014-12-11,148.538330078125,159.25,162.5,156.0,157.5,391600
2014-12-12,149.23785400390625,160.0,164.0,158.25,158.25,354000
2014-12-15,137.11231994628906,147.0,157.25,145.0,156.75,915200
2014-12-16,130.11676025390625,139.5,142.5,136.25,142.5,659200
2014-12-17,124.28717041015625,133.25,142.0,133.25,135.5,501200
2014-12-18,129.41722106933594,138.75,146.25,136.0,138.75,612400
2014-12-19,128.7176971435547,138.0,142.5,135.0,142.5,399200
2014-12-22,127.08537292480469,136.25,140.0,132.0,138.75,958000
2014-12-24,127.55176544189453,136.75,139.75,134.0,134.25,546000
2014-12-25,131.5159149169922,141.0,143.5,135.5,135.5,748000
2014-12-26,135.24685668945312,145.0,146.0,139.5,140.0,597600
2014-12-29,142.2423553466797,152.5,153.75,145.5,145.75,961600
2014-12-30,148.30516052246094,159.0,161.25,152.5,152.5,1000400
2015-01-05,165.56077575683594,177.5,184.0,155.25,161.5,3774800
2015-01-06,159.731201171875,171.25,194.5,163.75,170.25,3833600
2015-01-07,174.6549530029297,187.25,196.25,170.0,173.75,6848400
2015-01-08,173.9553985595703,186.5,206.25,176.75,192.75,3118400
2015-01-09,169.52491760253906,181.75,190.0,170.0,187.75,2441600
2015-01-13,192.37696838378906,206.25,219.0,191.75,197.5,8487200
2015-01-14,183.28280639648438,196.5,210.5,189.0,199.75,4358000
2015-01-15,169.05853271484375,181.25,202.5,177.75,194.25,2216400
2015-01-16,164.16168212890625,176.0,187.5,169.0,178.0,2182800
2015-01-19,168.35897827148438,180.5,188.75,170.5,176.0,2900400
2015-01-20,165.56077575683594,177.5,186.25,177.0,183.0,1167200
2015-01-21,162.29617309570312,174.0,179.0,172.25,176.25,608400
2015-01-22,163.92849731445312,175.75,179.75,168.0,173.0,735200
2015-01-23,162.5293731689453,174.25,179.25,168.5,176.0,708800
2015-01-26,163.2289581298828,175.0,180.75,170.25,171.75,670800
2015-01-27,160.8970947265625,172.5,176.0,172.5,175.0,207200
2015-01-28,162.76255798339844,174.5,180.25,174.5,175.0,501600
2015-01-29,160.43072509765625,172.0,179.0,169.5,172.5,520400
2015-01-30,158.56527709960938,170.0,172.75,168.75,172.5,420800
2015-02-02,181.88368225097656,195.0,195.0,183.75,189.75,4458000
2015-02-03,170.9240264892578,183.25,198.75,178.25,193.0,3403200
2015-02-04,169.29171752929688,181.5,185.25,176.75,183.5,754000
2015-02-05,173.255859375,185.75,189.75,179.5,182.5,1326800
2015-02-06,176.0540771484375,188.75,195.25,186.25,188.25,1478400
2015-02-09,193.5428924560547,207.5,224.75,190.0,200.0,6193600
2015-02-10,222.4577178955078,238.5,243.0,201.75,211.25,4637200
2015-02-12,254.17074584960938,272.5,276.0,246.0,252.5,9375600
2015-02-13,226.1886749267578,242.5,282.25,234.25,275.0,4500400
2015-02-16,261.16632080078125,280.0,280.0,265.0,265.0,5859600
2015-02-17,303.13946533203125,325.0,325.0,266.25,287.5,10987200
2015-02-18,279.8210144042969,300.0,335.5,295.75,312.5,6070400
2015-02-19,257.4353942871094,276.0,292.0,260.0,291.0,3529600
2015-02-20,252.07212829589844,270.25,291.25,265.0,270.5,2266400
2015-02-23,300.34124755859375,322.0,337.5,272.5,277.75,4904400
2015-02-24,284.9510803222656,305.5,337.5,298.5,322.0,4695600
2015-02-25,274.9242248535156,294.75,319.25,285.25,293.25,1812800
2015-02-26,272.5923156738281,292.25,308.5,285.75,290.0,1041600
2015-02-27,260.4667053222656,279.25,292.25,265.75,286.5,1351200
2015-03-02,260.6999206542969,279.5,293.75,272.5,273.5,969200
2015-03-03,245.77615356445312,263.5,275.75,257.0,270.5,1139200
2015-03-04,257.2021484375,275.75,278.75,261.5,263.5,850400
2015-03-05,249.50709533691406,267.5,287.5,266.75,271.75,772400
2015-03-06,236.68197631835938,253.75,268.0,253.0,262.5,1092400
2015-03-09,254.6371612548828,273.0,281.5,255.0,257.5,1440400
2015-03-10,237.84788513183594,255.0,281.0,247.5,270.0,1690000
2015-03-11,236.21559143066406,253.25,260.75,244.75,247.25,916000
2015-03-12,268.1618347167969,287.5,297.5,260.0,261.25,3384800
2015-03-13,257.2021484375,275.75,297.0,268.25,293.5,1783200
2015-03-16,243.21112060546875,260.75,277.25,255.25,272.25,1162800
2015-03-17,247.87481689453125,265.75,273.75,258.25,265.25,716400
2015-03-18,240.64608764648438,258.0,267.5,256.25,265.0,692800
2015-03-19,237.3815155029297,254.5,256.25,248.75,255.0,922800
2015-03-20,236.4487762451172,253.5,259.75,249.5,251.25,341600
2015-03-23,243.21112060546875,260.75,271.75,255.25,257.5,796000
2015-03-24,241.81202697753906,259.25,263.75,255.5,262.25,302400
2015-03-25,238.0810546875,255.25,265.25,252.75,264.25,472400
2015-03-26,234.11697387695312,251.0,254.5,250.0,251.25,434400
2015-03-27,234.5833282470703,251.5,257.0,247.5,249.5,487600
2015-03-30,239.24697875976562,256.5,257.5,249.5,252.25,316800
2015-03-31,238.78060913085938,256.0,258.5,252.5,255.0,258400
2015-04-01,234.35012817382812,251.25,259.5,249.75,259.5,360000
2015-04-02,227.3546142578125,243.75,252.5,240.0,245.0,684000
2015-04-03,240.17974853515625,257.5,272.5,247.5,255.25,1274800
2015-04-06,238.5474395751953,255.75,257.5,250.0,254.0,295200
2015-04-07,239.94656372070312,257.25,264.0,252.5,255.5,604400
2015-04-08,256.0362548828125,274.5,274.5,257.5,258.75,1174000
2015-04-09,242.51156616210938,260.0,278.75,257.0,275.25,1195600
2015-04-10,243.67745971679688,261.25,265.75,254.25,260.0,450800
2015-04-13,253.47119140625,271.75,275.75,253.75,260.0,928400
2015-04-14,258.8344421386719,277.5,282.0,268.75,273.75,898000
2015-04-15,249.9734344482422,268.0,279.75,267.5,275.0,470400
2015-04-16,243.67745971679688,261.25,272.25,256.75,266.25,560800
2015-04-17,262.0990295410156,281.0,292.25,272.75,272.75,2945200
2015-04-20,261.8658447265625,280.75,288.5,266.75,275.5,1121200
2015-04-21,251.3725128173828,269.5,295.0,269.5,286.0,1537600
2015-04-22,265.83001708984375,285.0,287.5,272.0,274.5,883600
2015-04-23,257.6685485839844,276.25,283.25,270.0,282.25,487600
2015-04-24,244.37705993652344,262.0,273.75,255.5,271.75,1106400
2015-04-27,266.063232421875,285.25,310.0,276.25,285.0,6318400
2015-04-28,261.8658447265625,280.75,294.25,277.75,278.25,1061200
2015-04-30,246.47569274902344,264.25,276.25,257.5,275.0,1371600
2015-05-01,235.2828826904297,252.25,264.0,247.25,261.5,1663600
2015-05-07,232.7178497314453,249.5,257.5,248.0,252.5,733200
2015-05-08,234.35012817382812,251.25,259.0,245.25,252.0,1065200
2015-05-11,232.01828002929688,248.75,252.0,242.5,250.0,828000
2015-05-12,231.31871032714844,248.0,251.5,243.75,247.5,678000
2015-05-13,236.4487762451172,253.5,253.75,249.5,251.25,350000
2015-05-14,231.31871032714844,248.0,253.5,246.25,253.5,633600
2015-05-15,232.25148010253906,249.0,250.25,247.5,248.5,342400
2015-05-18,231.08554077148438,247.75,255.25,246.75,248.75,509200
2015-05-19,233.18418884277344,250.0,251.75,247.75,248.0,352000
2015-05-20,232.48464965820312,249.25,251.0,246.75,248.0,549200
2015-05-21,238.78060913085938,256.0,260.75,248.5,248.5,1076000
2015-05-22,236.21559143066406,253.25,257.5,250.75,254.0,315200
2015-05-25,237.14834594726562,254.25,256.0,249.0,252.0,326000
2015-05-26,233.41738891601562,250.25,253.5,249.5,251.75,298000
2015-05-27,234.5833282470703,251.5,252.5,249.25,249.5,305200
2015-05-28,233.6505584716797,250.5,254.5,250.0,253.75,286400
2015-05-29,236.21559143066406,253.25,255.5,250.0,252.0,407200
2015-06-01,234.35012817382812,251.25,253.25,250.25,253.25,260400
2015-06-02,233.18418884277344,250.0,252.5,249.0,250.25,476000
2015-06-03,232.01828002929688,248.75,251.25,245.0,250.0,779200
2015-06-04,237.14834594726562,254.25,255.0,247.25,247.75,482800
2015-06-05,234.11697387695312,251.0,254.75,250.0,254.75,316000
2015-06-08,232.25148010253906,249.0,252.75,249.0,250.0,229200
2015-06-09,226.8882293701172,243.25,249.5,240.0,249.0,660800
2015-06-10,213.82992553710938,229.25,241.25,229.25,237.5,1421200
2015-06-11,214.5294952392578,230.0,232.5,228.25,231.25,436000
2015-06-12,216.8612823486328,232.5,232.5,221.75,230.0,978000
2015-06-15,211.0316925048828,226.25,229.25,222.5,226.0,721200
2015-06-16,207.76712036132812,222.75,227.5,221.0,225.5,353200
2015-06-17,203.33660888671875,218.0,223.5,216.25,221.25,562400
2015-06-18,211.0316925048828,226.25,228.75,217.5,217.75,1022800
2015-06-19,211.49807739257812,226.75,228.0,220.75,225.0,536400
2015-06-22,216.39495849609375,232.0,235.0,226.5,229.0,419600
2015-06-23,219.65951538085938,235.5,243.25,233.75,235.75,658000
2015-06-24,218.0272216796875,233.75,239.75,233.25,238.75,377200
2015-06-25,216.8612823486328,232.5,235.5,230.25,234.0,256400
2015-06-26,215.22903442382812,230.75,233.75,227.5,230.5,226400
2015-06-29,202.87025451660156,217.5,223.0,216.25,217.25,714400
2015-06-30,205.43528747558594,220.25,221.25,215.0,216.25,344400
2015-07-01,208.0002899169922,223.0,223.75,218.75,220.0,238400
2015-07-02,205.66845703125,220.5,226.5,219.25,225.0,180800
2015-07-03,207.533935546875,222.5,222.5,217.5,220.5,140800
2015-07-06,201.70433044433594,216.25,222.25,213.75,218.75,428800
2015-07-07,202.4038848876953,217.0,218.75,215.75,216.25,114000
2015-07-08,184.681884765625,198.0,219.0,192.75,218.75,1271200
2015-07-09,181.88368225097656,195.0,197.25,172.0,185.0,1492400
2015-07-10,184.2154998779297,197.5,204.0,189.0,191.25,442000
2015-07-13,187.71328735351562,201.25,202.5,194.25,194.25,248000
2015-07-14,195.64154052734375,209.75,211.75,204.0,204.75,474800
2015-07-15,193.7760772705078,207.75,214.5,205.25,207.5,242400
2015-07-16,199.3725128173828,213.75,215.0,206.0,209.75,302800
2015-07-17,201.70433044433594,216.25,216.25,211.5,213.75,286400
2015-07-21,214.06309509277344,229.5,229.75,214.75,216.25,752800
2015-07-22,206.60118103027344,221.5,229.5,220.5,229.5,500400
2015-07-23,211.0316925048828,226.25,235.75,220.0,222.25,825600
2015-07-24,213.36354064941406,228.75,233.25,224.5,224.5,374000
2015-07-27,206.83436584472656,221.75,228.25,218.25,225.25,361600
2015-07-28,204.26934814453125,219.0,221.75,209.5,212.5,387200
2015-07-29,196.80746459960938,211.0,217.0,210.25,215.25,168400
2015-07-30,196.10791015625,210.25,212.5,207.75,211.0,122000
2015-07-31,201.23794555664062,215.75,218.75,209.0,210.25,229600
2015-08-03,188.8791961669922,202.5,212.0,200.5,212.0,732000
2015-08-04,181.1841278076172,194.25,199.5,193.25,198.75,471600
2015-08-05,185.3814239501953,198.75,199.5,193.25,194.25,310000
2015-08-06,180.0181884765625,193.0,198.0,193.0,197.5,294000
2015-08-07,176.0540771484375,188.75,194.25,185.25,193.25,331200
2015-08-10,174.42178344726562,187.0,190.0,184.75,189.25,301200
2015-08-11,179.08544921875,192.0,192.75,180.75,180.75,376800
2015-08-12,171.39041137695312,183.75,192.25,181.5,189.0,238400
2015-08-13,171.15719604492188,183.5,184.25,176.5,182.5,300000
2015-08-14,170.4576416015625,182.75,184.0,179.75,183.5,94400
2015-08-17,171.85675048828125,184.25,184.75,180.25,183.75,212800
2015-08-18,183.51597595214844,196.75,221.75,180.5,180.5,5275200
2015-08-19,174.18858337402344,186.75,200.5,183.75,200.5,1172800
2015-08-20,176.52047729492188,189.25,197.5,185.25,189.5,627600
2015-08-21,167.1930694580078,179.25,187.25,177.75,182.5,833200
2015-08-24,141.07643127441406,151.25,176.5,149.5,166.75,1363600
2015-08-25,133.61456298828125,143.25,162.5,134.25,143.75,1061200
2015-08-26,156.23341369628906,167.5,168.25,150.0,150.25,1006000
2015-08-27,151.56973266601562,162.5,175.0,161.5,167.5,1494400
2015-08-28,157.86570739746094,169.25,172.25,165.5,168.0,489600
2015-08-31,157.16616821289062,168.5,172.0,164.5,168.25,367600
2015-09-01,166.02713012695312,178.0,188.5,164.75,168.25,1069200
2015-09-02,159.03163146972656,170.5,180.0,166.75,169.25,659200
2015-09-03,157.3993377685547,168.75,177.25,168.0,172.25,389600
2015-09-04,159.26480102539062,170.75,186.75,161.25,169.5,1771600
2015-09-07,152.50247192382812,163.5,171.0,161.25,168.25,551200
2015-09-08,157.86570739746094,169.25,180.25,161.25,163.25,1299600
2015-09-09,165.32760620117188,177.25,182.5,173.0,176.25,784000
2015-09-10,176.0540771484375,188.75,193.75,170.25,171.0,1462800
2015-09-11,201.00477600097656,215.5,225.0,192.0,195.0,2576000
2015-09-14,190.27830505371094,204.0,226.75,193.75,225.0,2835200
2015-09-15,181.88368225097656,195.0,204.75,190.25,202.25,944000
2015-09-16,171.6235809326172,184.0,198.25,178.75,196.25,985600
2015-09-17,171.85675048828125,184.25,190.0,181.0,182.75,685200
2015-09-18,174.88815307617188,187.5,190.0,182.75,184.25,575600
2015-09-24,162.76255798339844,174.5,183.75,174.5,180.25,522000
2015-09-25,163.46212768554688,175.25,178.5,167.5,172.0,391200
2015-09-28,172.32313537597656,184.75,186.25,176.0,177.0,392000
2015-09-29,163.2289581298828,175.0,181.25,172.5,180.25,343200
2015-09-30,167.4262237548828,179.5,182.5,175.0,177.0,248000
2015-10-01,170.22447204589844,182.5,186.0,181.0,182.5,248800
2015-10-02,183.51597595214844,196.75,201.75,181.25,182.5,1716000
2015-10-05,183.7491455078125,197.0,204.25,195.25,204.25,904400
2015-10-06,190.04510498046875,203.75,209.5,197.0,198.25,890800
2015-10-07,198.90611267089844,213.25,222.0,207.5,207.5,1959600
2015-10-08,191.6774139404297,205.5,212.25,201.5,209.5,600800
2015-10-09,203.56980895996094,218.25,221.5,202.5,207.0,994000
2015-10-13,200.7716064453125,215.25,227.75,213.5,222.0,1490000
2015-10-14,200.5384063720703,215.0,215.5,205.75,211.25,550000
2015-10-15,204.50254821777344,219.25,221.25,209.5,212.5,840400
2015-10-16,203.10342407226562,217.75,220.75,214.0,217.0,642400
2015-10-19,193.3097381591797,207.25,217.75,204.5,217.75,634000
2015-10-20,190.27830505371094,204.0,207.5,202.5,205.0,318800
2015-10-21,198.67294311523438,213.0,217.25,203.5,207.0,763200
2015-10-22,194.4756317138672,208.5,213.75,207.5,210.25,398000
2015-10-23,198.90611267089844,213.25,215.75,205.5,209.75,391200
2015-10-26,203.33660888671875,218.0,222.0,213.25,215.0,718400
2015-10-27,199.3725128173828,213.75,218.0,210.25,216.25,450800
2015-10-28,194.00927734375,208.0,216.75,206.5,211.25,573200
2015-10-29,193.7760772705078,207.75,211.25,204.0,207.5,336400
2015-10-30,187.48007202148438,201.0,205.0,194.75,204.0,784000
2015-11-02,196.5742645263672,210.75,214.5,197.25,197.25,749200
2015-11-04,190.04510498046875,203.75,211.5,202.5,209.5,461200
2015-11-05,191.21102905273438,205.0,212.25,199.75,205.0,823600
2015-11-06,196.5742645263672,210.75,212.5,203.0,203.75,604000
2015-11-09,216.6281280517578,232.25,232.25,208.25,213.25,2758800
2015-11-10,217.79405212402344,233.5,240.0,223.5,224.75,1758800
2015-11-11,219.42633056640625,235.25,243.25,230.75,241.0,1378400
2015-11-12,208.6998291015625,223.75,233.75,220.0,231.5,813200
2015-11-13,243.67745971679688,261.25,261.25,226.25,227.5,6066400
2015-11-16,267.2291259765625,286.5,292.25,255.0,262.75,7086400
2015-11-17,264.66412353515625,283.75,298.75,267.75,298.5,4209200
2015-11-18,248.1079559326172,266.0,315.0,266.0,280.0,5474400
2015-11-19,270.0273132324219,289.5,289.5,261.75,263.5,2919600
2015-11-20,306.8704528808594,329.0,333.75,277.25,290.0,9638800
2015-11-24,355.6059265136719,381.25,392.5,321.0,325.25,10702400
2015-11-25,347.4444580078125,372.5,405.0,362.5,387.5,10721200
2015-11-26,364.23370361328125,390.5,390.5,348.25,365.0,7220800
2015-11-27,349.3099060058594,374.5,402.0,371.0,391.25,6283600
2015-11-30,359.10369873046875,385.0,391.0,350.0,367.0,5739600
2015-12-01,363.7673645019531,390.0,390.0,365.25,378.75,3069600
2015-12-02,400.37725830078125,429.25,436.25,386.0,390.5,5729200
2015-12-03,385.4534912109375,413.25,444.0,401.25,431.25,3378000
2015-12-04,348.61041259765625,373.75,420.0,367.75,405.0,2744000
2015-12-07,384.7539367675781,412.5,415.25,373.75,375.0,2336400
2015-12-08,372.8615417480469,399.75,421.25,388.75,412.5,1686800
2015-12-09,360.7359924316406,386.75,405.0,381.0,389.75,1188800
2015-12-10,362.6014404296875,388.75,403.5,372.5,379.0,1419200
2015-12-11,357.70458984375,383.5,409.5,377.75,388.0,2067200
2015-12-14,364.4668884277344,390.75,391.5,368.75,373.5,1320800
2015-12-15,344.1799011230469,369.0,408.25,355.75,400.0,2643200
2015-12-16,319.2291564941406,342.25,392.25,308.25,382.5,2641200
2015-12-17,332.7538757324219,356.75,363.0,317.75,338.75,1824800
2015-12-18,337.65069580078125,362.0,375.5,358.0,358.0,1423200
2015-12-21,323.19329833984375,346.5,367.25,330.25,355.0,1535200
2015-12-22,347.4444580078125,372.5,373.75,336.0,336.0,1657600
2015-12-24,417.399658203125,447.5,447.5,380.5,382.0,7253600
2015-12-25,417.399658203125,447.5,447.5,447.5,447.5,0
2015-12-28,548.5958251953125,587.5,587.5,525.5,532.5,6410000
2015-12-29,606.9570922851562,650.0,671.25,613.25,625.0,11124400
2015-12-30,678.8582153320312,727.0,745.0,620.0,637.5,10645200
2016-01-04,667.6527709960938,715.0,748.75,690.75,702.0,6700400
2016-01-05,583.8460693359375,625.25,705.0,595.25,690.0,5615200
2016-01-06,525.2513427734375,562.5,644.5,553.5,599.75,4329600
2016-01-07,516.1468505859375,552.75,601.0,536.25,545.25,3506000
2016-01-08,583.612548828125,625.0,634.75,526.25,545.5,4569600
2016-01-12,539.2579956054688,577.5,655.0,537.5,625.0,4286000
2016-01-13,511.2445983886719,547.5,621.25,545.25,620.75,1674000
2016-01-14,490.234619140625,525.0,539.25,492.0,525.5,2321200
2016-01-15,431.87335205078125,462.5,546.25,450.0,525.25,2166000
2016-01-18,422.06866455078125,452.0,463.5,395.5,412.5,2932000
2016-01-19,515.446533203125,552.0,552.0,423.0,442.0,5170800
2016-01-20,398.72412109375,427.0,571.25,427.0,543.25,6156000
2016-01-21,382.6163330078125,409.75,487.5,397.0,444.5,6626800
2016-01-22,402.22576904296875,430.75,471.0,414.5,459.75,3187600
2016-01-25,462.22113037109375,495.0,517.5,433.25,446.75,5166800
2016-01-26,435.14154052734375,466.0,496.75,454.5,474.75,3400000
2016-01-27,440.5107727050781,471.75,498.25,445.0,487.75,2393200
2016-01-28,437.2425842285156,468.25,483.0,450.25,460.0,1655600
2016-01-29,409.9294738769531,439.0,467.5,415.0,466.25,2218000
2016-02-01,399.1910095214844,427.5,455.0,425.0,437.5,1738800
2016-02-02,423.70269775390625,453.75,478.75,439.5,445.0,2803600
2016-02-03,411.5635986328125,440.75,449.5,422.5,437.5,1262800
2016-02-04,362.0732116699219,387.75,447.5,375.25,437.5,1780400
2016-02-05,413.89801025390625,443.25,487.75,353.25,387.25,3446000
2016-02-08,393.58831787109375,421.5,448.5,393.75,413.25,4242000
2016-02-09,350.6344299316406,375.5,406.0,370.0,396.25,2236800
2016-02-10,364.8745422363281,390.75,412.0,357.5,395.5,3423600
2016-02-12,317.0183410644531,339.5,375.0,339.5,350.0,2340400
2016-02-15,387.0518798828125,414.5,414.5,414.5,414.5,178800
2016-02-16,464.55560302734375,497.5,514.5,467.25,494.5,11304000
2016-02-17,529.9201049804688,567.5,567.5,451.75,489.5,10737600
2016-02-18,568.4386596679688,608.75,634.5,545.0,570.75,12563600
2016-02-19,536.6901245117188,574.75,619.75,560.25,577.5,8215200
2016-02-22,525.9517211914062,563.25,587.0,541.75,552.5,5092800
2016-02-23,471.32550048828125,504.75,567.5,495.0,565.75,6156400
2016-02-24,466.8900451660156,500.0,549.5,493.0,494.0,6341200
2016-02-25,445.8800048828125,477.5,508.25,470.5,496.75,3802800
2016-02-26,455.2178039550781,487.5,552.0,464.25,487.5,11216800
2016-02-29,498.171630859375,533.5,543.75,500.25,512.5,6532400
2016-03-01,559.5678100585938,599.25,605.0,535.5,557.5,15535600
2016-03-02,553.2647094726562,592.5,630.0,581.75,599.25,12869200
2016-03-03,534.3555908203125,572.25,619.75,558.5,585.0,6240800
2016-03-04,514.7462158203125,551.25,563.25,543.75,550.0,3008400
2016-03-07,512.1785278320312,548.5,586.5,547.75,586.0,3063200
2016-03-08,487.4332275390625,522.0,541.25,506.25,536.25,2937600
2016-03-09,520.5824584960938,557.5,559.25,511.5,517.5,4018000
2016-03-10,514.2793579101562,550.75,571.25,545.0,557.5,2592800
2016-03-11,498.8720397949219,534.25,552.25,529.5,537.5,1667600
2016-03-14,500.03924560546875,535.5,554.0,532.5,546.75,1347600
2016-03-15,508.4432373046875,544.5,553.75,521.25,526.75,2882800
2016-03-16,493.26934814453125,528.25,547.5,528.0,542.0,1470400
2016-03-17,504.7081604003906,540.5,571.25,528.75,531.25,4234400
2016-03-18,477.6285400390625,511.5,535.0,507.5,530.25,2068800
2016-03-22,468.9910888671875,502.25,509.75,496.75,497.5,1389600
2016-03-23,468.75762939453125,502.0,530.0,501.5,522.5,1470400
2016-03-24,484.6318359375,519.0,528.75,502.0,505.0,1468000
2016-03-25,471.55889892578125,505.0,520.5,503.75,510.25,1097600
2016-03-28,466.42315673828125,499.5,505.75,487.0,502.75,1461200
2016-03-29,483.2311706542969,517.5,522.25,497.0,497.75,1331200
2016-03-30,476.6947326660156,510.5,526.5,506.75,525.0,792800
2016-03-31,472.72613525390625,506.25,518.0,499.75,500.0,831200
2016-04-01,447.0472106933594,478.75,499.5,473.75,496.25,1734000
2016-04-04,435.3749694824219,466.25,482.0,462.0,466.0,926000
2016-04-05,391.02044677734375,418.75,464.0,407.5,459.75,2397600
2016-04-06,392.65447998046875,420.5,429.0,412.25,420.25,1117200
2016-04-07,398.0238037109375,426.25,441.25,417.75,426.0,1106400
2016-04-08,402.92608642578125,431.5,437.5,405.5,408.0,979600
2016-04-11,447.51409912109375,479.25,482.5,443.0,443.75,3585200
2016-04-12,423.46929931640625,453.5,471.25,448.25,469.75,1590400
2016-04-13,423.46929931640625,453.5,457.25,445.0,450.5,574400
2016-04-14,421.6017150878906,451.5,465.0,450.5,460.75,674400
2016-04-15,429.7722473144531,460.25,471.25,443.5,446.75,900800
2016-04-18,401.52545166015625,430.0,451.25,430.0,450.25,1029600
2016-04-19,418.8003845214844,448.5,455.0,436.25,436.25,904400
2016-04-20,447.74755859375,479.5,494.25,451.25,461.5,2390400
2016-04-21,452.8833923339844,485.0,505.25,479.5,500.0,1772800
2016-04-22,465.4893493652344,498.5,505.75,463.75,485.0,1687200
2016-04-25,487.90008544921875,522.5,567.5,518.75,539.0,5514800
2016-04-26,433.9742736816406,464.75,504.5,450.5,504.5,3100800
2016-04-27,438.87664794921875,470.0,481.75,452.5,469.75,1012800
2016-04-28,425.57025146484375,455.75,475.0,450.0,470.0,773600
2016-05-02,476.6947326660156,510.5,530.25,493.75,517.5,4733600
2016-05-06,485.5656433105469,520.0,528.75,500.0,522.25,2092400
2016-05-09,492.5690612792969,527.5,540.0,508.25,520.0,1408800
2016-05-10,475.0606384277344,508.75,532.5,501.25,525.0,928800
2016-05-11,485.0987243652344,519.5,533.75,502.25,507.5,1227600
2016-05-12,505.8753356933594,541.75,625.0,511.5,514.25,11864000
2016-05-13,520.5824584960938,557.5,578.75,529.0,534.25,3912800
2016-05-16,533.8887939453125,571.75,627.5,557.25,569.75,10176400
2016-05-17,557.4666748046875,597.0,607.5,568.0,571.5,2780000
2016-05-18,514.979736328125,551.5,612.0,525.0,609.5,4103600
2016-05-19,532.2546997070312,570.0,580.0,539.5,568.75,1809600
2016-05-20,574.2747802734375,615.0,616.0,571.5,575.5,3881600
2016-05-23,562.6025390625,602.5,611.0,576.25,597.5,1931600
2016-05-24,563.7696533203125,603.75,612.5,588.25,605.0,1328800
2016-05-25,589.4486694335938,631.25,637.0,597.75,607.5,3443600
2016-05-26,565.1704711914062,605.25,637.25,590.0,632.5,3075200
2016-05-27,536.4567260742188,574.5,610.0,560.0,595.0,2663200
2016-05-30,537.6240234375,575.75,592.25,557.25,560.25,1426800
2016-05-31,531.3209228515625,569.0,580.5,563.0,575.0,915200
2016-06-01,525.9517211914062,563.25,587.5,553.0,562.5,1564800
2016-06-02,502.8407287597656,538.5,567.5,530.0,567.5,1032800
2016-06-03,488.3669738769531,523.0,547.25,514.5,538.5,1182000
2016-06-06,485.7991027832031,520.25,531.25,498.0,500.5,967200
2016-06-07,483.69805908203125,518.0,528.5,512.5,519.5,692400
2016-06-08,516.38037109375,553.0,569.75,505.0,519.5,1910800
2016-06-09,494.4365539550781,529.5,560.0,523.75,533.75,1820800
2016-06-10,492.8024597167969,527.75,543.75,526.25,530.0,613200
2016-06-13,452.41650390625,484.5,511.75,483.25,503.25,1307200
2016-06-14,399.8913269042969,428.25,490.5,428.0,474.5,2185200
2016-06-15,412.497314453125,441.75,456.25,421.25,428.75,1468400
2016-06-16,378.1809997558594,405.0,440.0,388.75,432.5,1540800
2016-06-17,396.85650634765625,425.0,446.25,406.25,428.0,1286400
2016-06-20,403.8598937988281,432.5,449.5,418.75,430.25,1168000
2016-06-21,409.6959533691406,438.75,448.5,425.0,425.0,510000
2016-06-22,410.1629333496094,439.25,458.25,427.75,448.75,986800
2016-06-23,443.3121337890625,474.75,535.0,420.0,427.75,7437600
2016-06-24,365.57489013671875,391.5,495.75,374.75,479.5,5234000
2016-06-27,382.8498229980469,410.0,430.0,400.0,401.5,2734800
2016-06-28,390.086669921875,417.75,427.5,392.75,400.5,1661600
2016-06-29,401.52545166015625,430.0,438.0,420.25,428.0,1258000
2016-06-30,404.3268127441406,433.0,456.75,430.25,447.5,1409600
2016-07-01,418.56689453125,448.25,459.5,438.75,442.0,1318400
2016-07-04,429.7722473144531,460.25,462.25,442.5,446.25,765600
2016-07-05,442.6117858886719,474.0,489.25,448.75,460.25,2326000
2016-07-06,420.4345397949219,450.25,465.25,441.5,451.0,1174000
2016-07-07,400.5916442871094,429.0,460.0,429.0,453.5,986000
2016-07-08,394.5220642089844,422.5,437.5,410.5,429.0,685200
2016-07-11,394.5220642089844,422.5,422.5,422.5,422.5,0
2016-07-12,421.3682861328125,451.25,457.5,442.5,448.75,694800
2016-07-13,417.1662292480469,446.75,459.25,438.25,455.25,832000
2016-07-14,407.8284912109375,436.75,449.75,427.25,447.0,811600
2016-07-15,398.95758056640625,427.25,433.75,420.75,427.75,872800
2016-07-19,400.1247863769531,428.5,428.75,412.5,417.25,692000
2016-07-20,395.22247314453125,423.25,436.5,418.25,434.75,498800
2016-07-21,392.65447998046875,420.5,432.5,419.25,426.5,682400
2016-07-22,391.9541931152344,419.75,423.25,410.75,414.5,464000
2016-07-25,400.1247863769531,428.5,454.5,415.25,417.25,1171200
2016-07-26,397.556884765625,425.75,431.75,419.0,426.5,442000
2016-07-27,396.1562194824219,424.25,430.0,422.0,428.75,435200
2016-07-28,386.81842041015625,414.25,428.5,414.25,420.25,512000
2016-07-29,404.0933837890625,432.75,440.25,397.5,412.5,838000
2016-08-01,425.8037414550781,456.0,485.0,455.0,462.5,3296400
2016-08-02,461.98773193359375,494.75,496.25,445.0,446.0,2991200
2016-08-03,454.0505676269531,486.25,507.5,478.75,485.0,2718800
2016-08-04,443.77899169921875,475.25,502.5,472.75,497.75,1039600
2016-08-05,415.9990539550781,445.5,484.5,445.5,479.0,1228000
2016-08-08,409.46258544921875,438.5,455.5,438.5,450.5,603600
2016-08-09,431.87335205078125,462.5,462.5,436.0,442.5,522400
2016-08-10,436.54217529296875,467.5,475.0,450.0,459.75,532800
2016-08-12,444.47930908203125,476.0,476.0,458.5,463.0,541600
2016-08-15,457.5522766113281,490.0,492.5,472.5,475.0,803600
2016-08-16,445.4131774902344,477.0,494.25,472.0,485.0,784000
2016-08-17,440.04388427734375,471.25,490.0,469.5,477.0,638800
2016-08-18,447.74755859375,479.5,486.25,471.5,475.0,509600
2016-08-19,489.0672912597656,523.75,527.75,481.5,486.25,2416000
2016-08-22,497.0044250488281,532.25,555.5,521.25,532.25,3772800
2016-08-23,494.6700134277344,529.75,552.0,518.5,530.0,1692000
2016-08-24,519.8821411132812,556.75,557.0,527.5,529.5,1355200
2016-08-25,508.91015625,545.0,564.5,543.75,557.25,1588000
2016-08-26,469.6914367675781,503.0,538.0,492.5,537.5,2373200
2016-08-29,508.91015625,545.0,548.5,512.75,517.5,1872000
2016-08-30,511.2445983886719,547.5,555.0,527.75,539.0,1307200
2016-08-31,481.83050537109375,516.0,552.5,511.0,545.25,1569600
2016-09-01,478.5622863769531,512.5,522.75,505.75,522.5,844400
2016-09-02,472.9596252441406,506.5,507.5,480.75,505.0,1627200
2016-09-05,473.65997314453125,507.25,511.75,495.25,506.0,759600
2016-09-06,487.90008544921875,522.5,525.75,503.75,505.0,786000
2016-09-07,492.8024597167969,527.75,536.75,512.75,513.0,878400
2016-09-08,473.8934326171875,507.5,532.0,505.25,522.5,646800
2016-09-09,476.2278747558594,510.0,511.5,493.75,498.5,671600
2016-09-12,452.8833923339844,485.0,505.0,483.0,496.5,760000
2016-09-13,454.5174560546875,486.75,502.5,483.0,497.25,489200
2016-09-14,432.1067810058594,462.75,482.5,461.0,481.0,773600
2016-09-15,429.3053894042969,459.75,466.0,452.0,452.75,590000
2016-09-16,431.87335205078125,462.5,469.5,458.5,462.75,400800
2016-09-20,437.00909423828125,468.0,475.75,457.5,457.75,525600
2016-09-21,438.4097595214844,469.5,473.25,460.0,468.0,388800
2016-09-23,452.8833923339844,485.0,492.5,474.0,474.75,521200
2016-09-26,446.11346435546875,477.75,495.0,477.5,494.25,400800
2016-09-27,444.47930908203125,476.0,479.75,464.5,471.25,356400
2016-09-28,449.8485107421875,481.75,487.75,473.5,473.5,226800
2016-09-29,447.2806701660156,479.0,487.25,473.75,485.0,462000
2016-09-30,439.1100769042969,470.25,481.75,467.75,473.75,380400
2016-10-03,476.2278747558594,510.0,510.0,486.5,500.0,1547200
2016-10-04,505.1749267578125,541.0,560.0,501.75,512.5,3546400
2016-10-05,494.90338134765625,530.0,548.75,517.75,548.75,1259200
2016-10-06,486.2659912109375,520.75,532.0,518.25,525.5,603600
2016-10-07,483.69805908203125,518.0,520.0,504.0,514.0,573600
2016-10-11,479.2626037597656,513.25,527.5,511.25,524.75,344000
2016-10-12,478.3288879394531,512.25,528.5,507.25,508.0,456000
2016-10-13,483.2311706542969,517.5,530.75,512.75,517.5,595200
2016-10-14,501.43988037109375,537.0,544.25,518.75,520.0,1323600
2016-10-17,504.00787353515625,539.75,549.0,535.5,545.0,889600
2016-10-18,518.2479858398438,555.0,557.0,533.25,542.5,1320400
2016-10-19,508.91015625,545.0,558.25,543.75,550.0,1044800
2016-10-20,493.26934814453125,528.25,552.5,527.5,548.75,790800
2016-10-21,515.6800537109375,552.25,555.0,525.75,525.75,888400
2016-10-24,496.07073974609375,531.25,561.0,527.5,559.5,1014000
2016-10-25,490.93487548828125,525.75,535.0,514.0,531.25,808000
2016-10-26,582.4453125,623.75,643.75,523.25,525.75,13329200
2016-10-27,561.435302734375,601.25,618.5,562.75,590.5,6462800
2016-10-28,597.8526611328125,640.25,654.75,602.5,613.75,7818400
2016-10-31,617.6954345703125,661.5,692.25,642.75,655.0,7327600
2016-11-01,605.7897338867188,648.75,679.0,633.75,660.5,3256400
2016-11-02,600.4205932617188,643.0,657.5,600.0,635.25,3264800
2016-11-04,599.9537963867188,642.5,669.0,632.5,650.0,2672000
2016-11-07,682.3598022460938,730.75,735.0,650.0,661.25,5890400
2016-11-08,681.8928833007812,730.25,747.25,709.0,732.5,5998400
2016-11-09,667.6527709960938,715.0,773.75,658.75,751.25,9202400
2016-11-10,784.3753662109375,840.0,840.0,751.25,767.5,8210800
2016-11-11,665.3182983398438,712.5,888.75,678.0,831.25,21424800
2016-11-14,665.7852172851562,713.0,775.0,702.5,735.0,8540400
2016-11-15,597.15234375,639.5,707.25,588.0,650.0,25320000
2016-11-16,556.532958984375,596.0,643.75,595.5,611.25,6707600
2016-11-17,561.435302734375,601.25,624.75,594.25,596.0,5048400
2016-11-18,540.8920288085938,579.25,611.75,568.75,608.25,3230400
2016-11-21,543.9268798828125,582.5,594.5,557.5,579.75,2602800
2016-11-22,562.8359375,602.75,604.75,571.0,577.5,1872400
2016-11-24,551.6306762695312,590.75,619.0,590.5,609.0,1986400
2016-11-25,562.8359375,602.75,624.0,581.25,587.75,3148800
2016-11-28,560.7349853515625,600.5,612.5,590.25,597.5,1872400
2016-11-29,546.2613525390625,585.0,603.75,583.0,603.75,1604400
2016-11-30,561.6687622070312,601.5,620.0,583.75,595.0,2826800
2016-12-01,554.1986083984375,593.5,614.5,591.75,614.0,1421200
2016-12-02,549.529541015625,588.5,596.0,586.25,588.0,938800
2016-12-05,548.5958251953125,587.5,600.0,582.5,589.0,1044400
2016-12-06,543.9268798828125,582.5,594.25,582.5,588.5,879200
2016-12-07,545.3275756835938,584.0,598.5,580.25,584.75,794800
2016-12-08,547.1949462890625,586.0,589.75,575.0,589.75,626800
2016-12-09,430.4726257324219,461.0,461.0,461.0,461.0,264800
2016-12-12,437.94281005859375,469.0,483.75,439.25,451.0,6434000
2016-12-13,469.2245178222656,502.5,507.5,463.0,463.5,3671200
2016-12-14,464.7890930175781,497.75,519.5,495.5,505.0,1614000
2016-12-15,441.91143798828125,473.25,498.75,465.25,496.75,1291200
2016-12-16,423.00238037109375,453.0,477.25,450.0,472.75,1640000
2016-12-19,405.96087646484375,434.75,445.25,425.0,443.0,1933600
2016-12-20,415.0652770996094,444.5,455.0,435.25,441.0,1484000
2016-12-21,407.8284912109375,436.75,457.75,436.25,445.0,822400
2016-12-22,402.459228515625,431.0,446.5,430.25,430.25,568800
2016-12-26,401.9923400878906,430.5,436.25,426.0,427.75,493600
2016-12-27,400.8251037597656,429.25,433.0,428.5,430.5,708400
2016-12-28,422.1058044433594,451.25,474.5,434.75,434.75,929600
2016-12-29,405.73602294921875,433.75,446.75,431.5,441.25,638400
2016-12-30,410.64697265625,439.0,446.25,431.0,431.0,427200
2017-01-04,413.4532165527344,442.0,452.0,441.75,449.0,665200
2017-01-05,429.1214294433594,458.75,459.0,442.75,442.75,770000
2017-01-06,422.5735168457031,451.75,463.0,447.0,454.5,1043200
2017-01-10,417.4287109375,446.25,458.0,445.25,453.25,541200
2017-01-11,416.49334716796875,445.25,453.5,445.25,450.0,469200
2017-01-12,406.4375915527344,434.5,447.75,433.25,447.0,594800
2017-01-13,411.3484802246094,439.75,442.5,431.5,432.5,406800
2017-01-16,401.9944152832031,429.75,441.0,429.0,440.5,659200
2017-01-17,397.5511474609375,425.0,435.75,425.0,429.75,490800
2017-01-18,392.4063720703125,419.5,429.25,414.0,422.75,601200
2017-01-19,392.8741149902344,420.0,425.75,417.5,421.5,422800
2017-01-20,389.36627197265625,416.25,422.25,410.25,422.25,428800
2017-01-23,384.2214660644531,410.75,415.0,408.5,415.0,240000
2017-01-24,386.5600280761719,413.25,416.5,409.0,410.0,175600
2017-01-25,395.68035888671875,423.0,427.5,409.25,413.0,465200
2017-01-26,399.6558837890625,427.25,429.25,418.75,424.5,300400
2017-01-27,405.96990966796875,434.0,435.75,420.0,428.0,614800
2017-01-30,402.9297790527344,430.75,442.5,430.75,434.25,504400
2017-01-31,390.53558349609375,417.5,428.75,417.5,425.5,397600
2017-02-01,392.6402282714844,419.75,424.75,416.75,421.25,256800
2017-02-02,388.43084716796875,415.25,428.75,415.0,417.75,255600
2017-02-03,395.446533203125,422.75,427.25,412.0,422.25,488400
2017-02-06,394.2772216796875,421.5,429.75,416.25,426.0,311600
2017-02-07,390.7694091796875,417.75,425.0,415.0,425.0,338400
2017-02-08,400.3573913574219,428.0,428.25,416.75,418.75,345600
2017-02-09,394.04339599609375,421.25,428.0,419.5,426.0,194800
2017-02-10,412.75164794921875,441.25,441.25,417.5,425.25,874400
2017-02-13,383.5199279785156,410.0,419.25,408.75,411.25,1607200
2017-02-14,387.4954528808594,414.25,418.5,408.5,408.75,562400
2017-02-15,391.470947265625,418.5,421.5,413.0,414.25,297600
2017-02-16,389.36627197265625,416.25,427.25,415.0,418.5,459600
2017-02-17,392.8741149902344,420.0,424.25,416.25,417.0,248800
2017-02-20,391.9386291503906,419.0,420.5,414.5,416.75,183600
2017-02-21,384.9231262207031,411.5,419.0,409.0,416.5,532800
2017-02-22,394.04339599609375,421.25,429.0,411.5,411.5,779600
2017-02-23,387.2615661621094,414.0,420.25,413.5,417.5,320400
2017-02-24,387.02777099609375,413.75,417.5,412.0,414.0,183200
2017-02-27,391.0032958984375,418.0,419.25,413.25,413.25,175600
2017-02-28,385.1569519042969,411.75,422.0,411.5,417.5,358800
2017-03-01,380.94757080078125,407.25,414.0,406.75,411.75,594400
2017-03-02,383.0522155761719,409.5,411.75,404.0,407.25,430000
2017-03-03,377.43975830078125,403.5,409.75,403.5,406.5,258000
2017-03-06,376.9720153808594,403.0,406.5,399.25,403.5,341200
2017-03-07,373.2303771972656,399.0,406.25,399.0,402.25,250400
2017-03-08,375.3350524902344,401.25,411.0,399.0,399.0,290800
2017-03-09,374.1658020019531,400.0,405.0,399.25,405.0,203600
2017-03-10,373.6981201171875,399.5,402.5,398.25,399.5,217600
2017-03-13,362.94085693359375,388.0,400.0,388.0,398.0,324400
2017-03-14,376.7381591796875,402.75,407.5,388.0,388.0,374400
2017-03-15,361.3038330078125,386.25,400.0,386.25,396.0,325600
2017-03-16,358.7314758300781,383.5,392.0,377.5,379.0,355200
2017-03-17,352.6512756347656,377.0,383.75,377.0,382.5,188800
2017-03-21,357.56219482421875,382.25,382.5,370.0,373.5,321200
2017-03-22,348.6757507324219,372.75,378.0,372.75,378.0,118800
2017-03-23,345.6356506347656,369.5,376.25,369.0,372.0,234400
2017-03-24,344.4664001464844,368.25,370.0,365.0,369.5,229200
2017-03-27,325.2903747558594,347.75,363.75,347.75,361.0,503600
2017-03-28,328.0966796875,350.75,358.25,345.0,345.0,276000
2017-03-29,343.06329345703125,366.75,368.25,349.5,349.5,257600
2017-03-30,336.7492370605469,360.0,367.25,360.0,365.0,139600
2017-03-31,328.5643310546875,351.25,363.75,351.25,360.75,186400
2017-04-03,321.7826232910156,344.0,352.0,343.5,349.5,213600
2017-04-04,304.4774169921875,325.5,343.25,325.0,340.5,389600
2017-04-05,302.6065368652344,323.5,333.0,312.75,325.0,504400
2017-04-06,296.05865478515625,316.5,326.25,312.5,323.5,576800
2017-04-07,299.8003845214844,320.5,333.25,304.5,318.0,877200
2017-04-10,295.3570861816406,315.75,324.0,312.5,317.75,285600
2017-04-11,285.0675048828125,304.75,316.5,303.75,312.75,316000
2017-04-12,268.93170166015625,287.5,298.5,281.5,297.0,650400
2017-04-13,287.6399841308594,307.5,322.5,267.5,267.5,1104000
2017-04-14,305.17901611328125,326.25,363.0,302.75,304.5,2777200
2017-04-17,295.12322998046875,315.5,333.75,314.0,319.75,555600
2017-04-18,309.38836669921875,330.75,345.0,317.25,317.25,1243600
2017-04-19,299.3326416015625,320.0,337.5,320.0,323.25,581600
2017-04-20,296.5263671875,317.0,323.5,310.5,318.25,533200
2017-04-21,292.5509033203125,312.75,323.25,307.25,323.25,513600
2017-04-24,288.3415222167969,308.25,316.0,307.75,313.0,222000
2017-04-25,290.4461975097656,310.5,312.75,305.0,305.75,184400
2017-04-26,307.9851989746094,329.25,329.5,313.25,316.25,665600
2017-04-27,308.2190856933594,329.5,332.0,323.25,323.5,383600
2017-04-28,294.65557861328125,315.0,334.25,315.0,329.75,820800
2017-05-01,333.007568359375,356.0,356.75,322.5,324.75,1874400
2017-05-02,328.3304748535156,351.0,355.0,343.75,354.5,694800
2017-05-08,333.47528076171875,356.5,372.5,355.0,366.0,785600
2017-05-09,330.90289306640625,353.75,370.0,350.5,355.0,543600
2017-05-10,326.225830078125,348.75,355.75,347.75,351.25,450800
2017-05-11,321.0810241699219,343.25,355.0,340.75,346.75,425600
2017-05-12,311.0253601074219,332.5,343.0,332.5,339.0,554000
2017-05-15,311.0253601074219,332.5,334.5,326.5,327.5,304400
2017-05-16,311.9607238769531,333.5,338.0,329.75,336.25,278000
2017-05-17,304.009765625,325.0,332.5,323.0,331.25,396400
2017-05-18,305.88055419921875,327.0,333.75,315.75,315.75,495600
2017-05-19,311.25921630859375,332.75,335.75,329.0,329.0,188800
2017-05-22,314.0653991699219,335.75,337.0,330.75,335.75,201200
2017-05-23,308.920654296875,330.25,338.0,328.75,337.25,293600
2017-05-24,320.6133728027344,342.75,344.0,330.75,331.5,372400
2017-05-25,323.8872985839844,346.25,349.75,339.5,343.75,365200
2017-05-26,326.225830078125,348.75,355.5,343.25,347.0,423200
2017-05-29,325.0565490722656,347.5,354.75,342.25,346.25,307200
2017-05-30,326.9273986816406,349.5,358.75,346.0,347.5,378800
2017-05-31,325.2903747558594,347.75,350.75,344.25,349.0,216000
2017-06-01,340.25701904296875,363.75,363.75,347.75,348.25,767200
2017-06-02,333.47528076171875,356.5,374.5,353.5,367.25,752800
2017-06-05,350.312744140625,374.5,382.5,357.75,357.75,1049200
2017-06-06,338.6200866699219,362.0,377.5,362.0,374.5,499200
2017-06-07,342.1278381347656,365.75,368.75,358.25,361.75,319200
2017-06-08,335.8138122558594,359.0,369.0,353.75,366.0,364000
2017-06-09,366.4486389160156,391.75,394.25,359.0,359.5,1766800
2017-06-12,353.820556640625,378.25,417.25,375.25,401.75,3110400
2017-06-13,353.3528137207031,377.75,384.0,362.75,370.25,810800
2017-06-14,336.04766845703125,359.25,382.25,359.25,381.5,924000
2017-06-15,332.5398864746094,355.5,362.25,354.75,358.75,411200
2017-06-16,332.0721740722656,355.0,360.75,351.0,357.75,332000
2017-06-19,340.9586181640625,364.5,365.0,354.5,356.0,326800
2017-06-20,337.9184875488281,361.25,368.25,358.5,366.25,307200
2017-06-21,340.9586181640625,364.5,365.0,357.75,358.75,347600
2017-06-22,347.9741516113281,372.0,378.5,362.5,365.25,593200
2017-06-23,339.0877380371094,362.5,377.0,361.5,375.25,484000
2017-06-26,347.27264404296875,371.25,381.0,363.75,364.5,575200
2017-06-27,350.78045654296875,375.0,378.5,370.5,372.75,251200
2017-06-28,345.1679382324219,369.0,375.0,366.0,375.0,332400
2017-06-29,345.40179443359375,369.25,376.0,369.25,371.25,322400
2017-06-30,335.5799560546875,358.75,366.5,358.75,362.5,464000
2017-07-03,341.42626953125,365.0,368.5,360.0,366.25,312800
2017-07-04,334.17681884765625,357.25,368.25,355.75,367.0,291600
2017-07-05,333.47528076171875,356.5,364.0,355.0,357.5,251600
2017-07-06,331.60443115234375,354.5,358.0,353.25,355.5,252400
2017-07-07,336.5153503417969,359.75,360.75,353.25,354.5,165600
2017-07-10,343.2970886230469,367.0,371.75,359.25,362.75,434400
2017-07-11,345.40179443359375,369.25,379.25,366.0,366.0,564800
2017-07-12,340.25701904296875,363.75,373.75,363.0,369.5,254000
2017-07-13,335.1122131347656,358.25,367.5,357.5,366.0,264400
2017-07-14,340.25701904296875,363.75,365.5,357.25,358.25,204000
2017-07-17,340.25701904296875,363.75,363.75,363.75,363.75,0
2017-07-18,335.1122131347656,358.25,361.75,357.75,360.0,192000
2017-07-19,339.55548095703125,363.0,363.5,359.0,359.25,133600
2017-07-20,339.7893371582031,363.25,365.25,360.75,365.0,120000
2017-07-21,337.9184875488281,361.25,365.0,359.75,364.0,235600
2017-07-24,338.3861999511719,361.75,362.25,358.0,361.25,152000
2017-07-25,345.8695373535156,369.75,370.0,360.75,365.0,294000
2017-07-26,339.32159423828125,362.75,370.25,362.75,370.25,128000
2017-07-27,339.55548095703125,363.0,365.75,362.25,363.75,127600
2017-07-28,333.24139404296875,356.25,363.0,356.25,363.0,234400
2017-07-31,323.1856994628906,345.5,357.75,345.25,356.5,480400
2017-08-01,307.0498046875,328.25,346.75,327.25,346.0,538400
2017-08-02,316.6378479003906,338.5,339.0,329.0,329.0,121200
2017-08-03,308.4529113769531,329.75,336.5,328.5,336.5,160000
2017-08-04,307.51751708984375,328.75,332.5,325.25,328.5,125200
2017-08-07,308.2190856933594,329.5,333.75,329.0,331.25,101200
2017-08-08,309.6222229003906,331.0,333.25,328.5,328.5,82800
2017-08-09,302.6065368652344,323.5,328.75,321.0,328.0,246000
2017-08-10,293.7201843261719,314.0,323.75,314.0,323.75,256400
2017-08-11,293.7201843261719,314.0,314.0,314.0,314.0,0
2017-08-14,288.107666015625,308.0,310.75,301.5,302.5,178400
2017-08-15,290.6800537109375,310.75,316.0,308.0,315.25,114000
2017-08-16,300.26806640625,321.0,323.0,310.75,310.75,118800
2017-08-17,302.6065368652344,323.5,329.25,320.75,323.0,249200
2017-08-18,304.009765625,325.0,335.5,318.25,320.0,344400
2017-08-21,298.1633605957031,318.75,327.5,316.75,323.25,180400
2017-08-22,295.3570861816406,315.75,320.5,310.75,319.5,296800
2017-08-23,291.8493957519531,312.0,320.0,311.25,319.75,132800
2017-08-24,291.147705078125,311.25,314.5,309.0,311.5,116800
2017-08-25,290.91387939453125,311.0,315.0,309.75,311.25,101600
2017-08-28,299.3326416015625,320.0,327.25,311.5,312.5,345600
2017-08-29,296.99407958984375,317.5,318.75,313.75,316.0,158000
2017-08-30,297.9295654296875,318.5,319.75,312.75,318.75,226000
2017-08-31,298.397216796875,319.0,321.0,315.75,319.5,151200
2017-09-01,295.8248291015625,316.25,321.75,315.25,315.25,135200
2017-09-04,286.23681640625,306.0,317.0,303.25,315.0,372800
2017-09-05,269.8670959472656,288.5,307.75,286.25,305.25,550800
2017-09-06,271.7378845214844,290.5,294.5,275.5,279.25,278400
2017-09-07,276.6488342285156,295.75,300.5,292.25,292.75,181200
2017-09-08,275.2457275390625,294.25,296.75,290.25,292.5,138000
2017-09-11,276.6488342285156,295.75,302.75,295.25,297.25,121600
2017-09-12,286.7045593261719,306.5,308.75,298.75,298.75,190800
2017-09-13,284.3659973144531,304.0,308.5,303.75,308.5,114800
2017-09-14,279.6889343261719,299.0,306.0,297.5,304.0,125200
2017-09-15,282.0274353027344,301.5,305.0,296.25,297.5,121200
2017-09-18,282.0274353027344,301.5,301.5,301.5,301.5,0
2017-09-19,288.107666015625,308.0,309.75,306.5,308.0,116000
2017-09-20,284.3659973144531,304.0,309.25,304.0,308.0,123600
2017-09-21,285.7691650390625,305.5,311.25,304.0,306.25,140000
2017-09-22,282.0274353027344,301.5,306.0,298.0,305.75,152000
2017-09-25,282.49517822265625,302.0,304.75,300.5,300.75,108800
2017-09-26,338.15234375,361.5,373.75,324.75,327.75,3983600
2017-09-27,336.7492370605469,360.0,366.75,343.75,358.0,1402800
2017-09-28,347.0387878417969,371.0,375.0,350.5,361.5,1508000
2017-09-29,369.4887390136719,395.0,402.25,372.5,375.0,2779200
2017-10-02,367.6178894042969,393.0,405.0,381.75,395.0,1380000
2017-10-03,362.94085693359375,388.0,399.5,382.75,399.5,593600
2017-10-04,342.1278381347656,365.75,395.0,365.25,395.0,1011200
2017-10-05,348.2080383300781,372.25,384.5,366.75,366.75,544400
2017-10-06,349.84503173828125,374.0,375.75,365.5,374.75,373600
2017-10-09,349.84503173828125,374.0,374.0,374.0,374.0,0
2017-10-10,351.9497375488281,376.25,381.75,372.25,372.75,213600
2017-10-11,350.78045654296875,375.0,379.75,372.0,379.75,169200
2017-10-12,355.2236328125,379.75,385.25,373.75,375.0,336400
2017-10-13,350.312744140625,374.5,378.75,368.0,378.75,441600
2017-10-16,357.79608154296875,382.5,389.0,371.5,374.5,452400
2017-10-17,351.9497375488281,376.25,383.5,375.5,382.5,227600
2017-10-18,361.3038330078125,386.25,390.0,373.25,375.25,588400
2017-10-19,360.1345520019531,385.0,388.0,381.75,382.5,185200
2017-10-20,358.0299377441406,382.75,386.25,378.25,381.75,358000
2017-10-23,358.96533203125,383.75,384.5,375.0,383.0,371200
2017-10-24,368.3194885253906,393.75,394.0,377.5,383.5,348400
2017-10-25,359.6668701171875,384.5,396.25,378.75,396.25,748000
2017-10-26,359.19915771484375,384.0,386.5,377.5,380.5,233600
2017-10-27,366.4486389160156,391.75,393.25,383.5,385.0,497600
2017-10-30,380.7137145996094,407.0,411.0,397.0,399.0,1538000
2017-10-31,391.704833984375,418.75,421.0,395.25,402.75,883600
2017-11-01,386.7939147949219,413.5,421.25,409.25,417.5,821200
2017-11-02,379.0767517089844,405.25,412.25,399.5,412.25,616800
2017-11-03,379.0767517089844,405.25,405.25,405.25,405.25,0
2017-11-06,363.6423645019531,388.75,408.5,388.75,404.5,584000
2017-11-07,367.85174560546875,393.25,393.75,385.75,386.25,230800
2017-11-08,375.1011962890625,401.0,403.0,386.5,393.75,323200
2017-11-09,367.15020751953125,392.5,404.0,384.25,404.0,567200
2017-11-10,355.69134521484375,380.25,381.25,367.5,378.5,643600
2017-11-13,351.9497375488281,376.25,380.5,370.25,378.0,234000
2017-11-14,339.55548095703125,363.0,376.5,361.0,376.25,649200
2017-11-15,324.35498046875,346.75,365.0,345.0,358.75,607200
2017-11-16,332.0721740722656,355.0,359.0,344.75,348.5,238800
2017-11-17,339.0877380371094,362.5,364.5,356.0,358.0,228000
2017-11-20,342.5955810546875,366.25,369.0,358.25,358.25,282400
2017-11-21,339.7893371582031,363.25,367.0,360.5,367.0,179200
2017-11-22,339.0877380371094,362.5,365.0,356.75,363.25,204800
2017-11-23,339.0877380371094,362.5,362.5,362.5,362.5,0
2017-11-24,339.7893371582031,363.25,364.5,357.25,358.5,233600
2017-11-27,341.89398193359375,365.5,369.75,363.75,363.75,190800
2017-11-28,335.3460998535156,358.5,366.25,353.75,365.0,195200
2017-11-29,337.2169494628906,360.5,364.5,359.5,361.5,141200
2017-11-30,343.7648010253906,367.5,367.5,355.0,365.5,173200
2017-12-01,340.25701904296875,363.75,369.5,360.0,365.75,138400
2017-12-04,330.4351501464844,353.25,362.25,353.0,357.75,330000
2017-12-05,324.82269287109375,347.25,352.5,343.75,350.0,287600
2017-12-06,318.2747497558594,340.25,352.0,337.75,344.0,303600
2017-12-07,326.6935729980469,349.25,351.75,340.5,340.5,197200
2017-12-08,336.04766845703125,359.25,359.25,347.25,347.25,184800
2017-12-11,331.83831787109375,354.75,359.25,354.25,356.5,226800
2017-12-12,340.4908752441406,364.0,364.0,355.25,355.25,360000
2017-12-13,338.3861999511719,361.75,366.5,359.25,364.0,271600
2017-12-14,336.7492370605469,360.0,365.75,355.75,359.0,149200
2017-12-15,355.45751953125,380.0,382.25,363.75,365.0,871200
2017-12-18,338.15234375,361.5,384.25,359.5,382.5,650000
2017-12-19,338.3861999511719,361.75,364.25,357.75,363.25,228800
2017-12-20,332.5398864746094,355.5,361.75,355.25,360.5,294000
2017-12-21,335.3460998535156,358.5,360.0,352.5,353.75,225600
2017-12-22,332.773681640625,355.75,362.25,352.75,362.0,192000
2017-12-25,325.2903747558594,347.75,355.25,347.75,353.75,432800
2017-12-26,322.7179870605469,345.0,352.25,344.25,345.5,524800
2017-12-27,339.13531494140625,361.5,364.75,351.25,352.25,479200
2017-12-28,338.4317321777344,360.75,366.75,358.25,361.0,204400
2017-12-29,346.17132568359375,369.0,372.0,361.0,361.25,267200
2018-01-01,346.17132568359375,369.0,369.0,369.0,369.0,0
2018-01-02,346.17132568359375,369.0,369.0,369.0,369.0,0
2018-01-03,346.17132568359375,369.0,369.0,369.0,369.0,0
2018-01-04,347.1094665527344,370.0,375.5,365.5,370.25,356000
2018-01-05,356.9599304199219,380.5,383.25,369.0,375.0,436400
2018-01-08,356.9599304199219,380.5,380.5,380.5,380.5,0
2018-01-09,359.0706787109375,382.75,386.75,376.0,380.0,372400
2018-01-10,360.4778747558594,384.25,385.5,380.5,385.0,225600
2018-01-11,353.20733642578125,376.5,384.25,375.25,380.5,258000
2018-01-12,354.3800354003906,377.75,382.5,376.5,378.25,210800
2018-01-15,369.1556396484375,393.5,397.0,377.25,382.5,618800
2018-01-16,369.3901672363281,393.75,395.25,383.75,391.5,417600
2018-01-17,363.0577697753906,387.0,390.75,380.5,389.25,344800
2018-01-18,353.9110107421875,377.25,389.5,375.75,387.5,296800
2018-01-19,353.67645263671875,377.0,380.75,374.0,378.0,192400
2018-01-22,357.6634826660156,381.25,385.5,374.5,376.5,212000
2018-01-23,362.8232421875,386.75,392.5,380.75,380.75,298400
2018-01-24,361.416015625,385.25,390.5,381.5,386.75,294000
2018-01-25,359.3052673339844,383.0,389.75,381.5,382.75,193600
2018-01-26,354.3800354003906,377.75,387.5,377.75,387.25,263200
2018-01-29,352.2691955566406,375.5,381.0,375.0,379.75,219600
2018-01-30,343.5915222167969,366.25,376.75,361.75,374.75,423200
2018-01-31,340.073486328125,362.5,368.75,360.75,365.0,180400
2018-02-01,348.0476379394531,371.0,373.75,364.0,365.5,194000
2018-02-02,355.5527038574219,379.0,379.0,366.25,371.0,338000
2018-02-05,349.9238586425781,373.0,376.75,368.25,369.0,340000
2018-02-06,313.336669921875,334.0,353.25,324.5,350.5,908000
2018-02-07,317.0892333984375,338.0,350.0,336.5,349.0,273600
2018-02-08,326.0014953613281,347.5,350.5,338.5,339.0,223600
2018-02-09,324.12518310546875,345.5,348.0,325.75,325.75,475600
2018-02-12,324.12518310546875,345.5,345.5,345.5,345.5,0
2018-02-13,253.7651824951172,270.5,276.75,270.5,270.5,1511600
2018-02-14,236.6442413330078,252.25,262.5,243.75,258.0,1830000
2018-02-15,248.60543823242188,265.0,265.0,252.5,257.75,550400
2018-02-16,264.5537109375,282.0,284.75,268.0,269.0,736800
2018-02-19,285.6617431640625,304.5,308.0,284.25,284.25,580000
2018-02-20,277.6875915527344,296.0,297.5,287.75,295.25,628400
2018-02-21,270.651611328125,288.5,304.75,285.0,296.25,359600
2018-02-22,262.2083740234375,279.5,284.75,278.75,284.25,232400
2018-02-23,279.0947570800781,297.5,300.5,282.0,283.25,510800
2018-02-26,273.7005615234375,291.75,302.0,290.5,296.5,275200
2018-02-27,272.9969177246094,291.0,293.5,289.25,292.5,153200
2018-02-28,274.4041442871094,292.5,303.0,290.0,290.0,353600
2018-03-01,269.0098571777344,286.75,292.25,285.25,291.75,137200
2018-03-02,270.1824951171875,288.0,288.5,279.25,279.25,158400
2018-03-05,256.3450622558594,273.25,288.25,270.25,283.25,254000
2018-03-06,265.02276611328125,282.5,294.25,277.25,277.25,250000
2018-03-07,265.02276611328125,282.5,289.0,278.0,282.5,192000
2018-03-08,267.6026611328125,285.25,291.25,281.75,285.0,117600
2018-03-09,263.8501281738281,281.25,287.5,279.25,287.5,173600
2018-03-12,267.1335754394531,284.75,286.25,280.0,283.75,130000
2018-03-13,268.5408020019531,286.25,288.25,280.75,280.75,132400
2018-03-14,272.76239013671875,290.75,294.75,282.75,284.5,292000
2018-03-15,272.76239013671875,290.75,291.25,287.0,287.5,107200
2018-03-16,272.5278625488281,290.5,292.5,284.75,290.5,147600
2018-03-19,257.5177307128906,274.5,287.75,268.25,287.75,335600
2018-03-20,251.18531799316406,267.75,273.25,267.75,270.0,218000
2018-03-21,251.18531799316406,267.75,267.75,267.75,267.75,0
2018-03-22,251.18531799316406,267.75,273.0,266.0,268.25,285600
2018-03-23,238.75506591796875,254.5,261.0,253.75,255.0,280800
2018-03-26,238.28599548339844,254.0,254.0,245.0,248.0,310000
2018-03-27,237.34783935546875,253.0,259.75,251.5,258.25,149200
2018-03-28,238.52052307128906,254.25,258.25,250.0,250.0,95200
2018-03-29,239.45863342285156,255.25,258.75,252.0,254.25,152000
2018-03-30,244.61834716796875,260.75,261.0,256.25,256.25,98000
2018-04-02,236.87876892089844,252.5,264.25,252.5,260.25,234400
2018-04-03,234.06436157226562,249.5,252.25,248.25,249.0,174000
2018-04-04,231.0154266357422,246.25,251.5,244.5,250.5,226400
2018-04-05,230.54635620117188,245.75,248.25,244.75,247.0,132800
2018-04-06,224.9175567626953,239.75,246.0,239.75,244.5,332800
2018-04-09,226.3247528076172,241.25,243.25,234.25,238.25,244000
2018-04-10,222.57225036621094,237.25,240.5,235.0,239.5,159600
2018-04-11,220.46141052246094,235.0,239.75,234.5,237.5,106800
2018-04-12,224.21397399902344,239.0,241.0,235.0,235.0,84000
2018-04-13,223.97943115234375,238.75,240.0,235.75,236.75,126000
2018-04-16,219.52330017089844,234.0,240.0,234.0,239.0,158400
2018-04-17,211.78369140625,225.75,235.25,221.75,233.0,358800
2018-04-18,223.7449188232422,238.5,239.0,223.5,224.0,314400
2018-04-19,227.96652221679688,243.0,247.0,237.5,237.75,186800
2018-04-20,227.26290893554688,242.25,244.75,240.25,242.75,100400
2018-04-23,230.07730102539062,245.25,245.25,240.25,241.0,53600
2018-04-24,228.67010498046875,243.75,248.0,243.75,244.5,140000
2018-04-25,229.13916015625,244.25,246.25,241.5,241.5,83600
2018-04-26,229.37371826171875,244.5,246.75,240.0,246.75,130000
2018-04-27,227.96652221679688,243.0,246.25,242.5,244.5,85200
2018-04-30,227.96652221679688,243.0,243.0,243.0,243.0,0
2018-05-01,263.14654541015625,280.5,280.5,280.5,280.5,85200
2018-05-02,276.9839782714844,295.25,328.5,292.5,318.0,3702000
2018-05-03,276.9839782714844,295.25,295.25,295.25,295.25,0
2018-05-04,276.9839782714844,295.25,295.25,295.25,295.25,0
2018-05-07,286.3653259277344,305.25,311.25,291.0,292.75,794000
2018-05-08,278.39117431640625,296.75,310.75,293.5,310.75,426400
2018-05-09,277.6875915527344,296.0,301.0,290.0,293.5,283200
2018-05-10,273.2314453125,291.25,303.25,290.75,301.5,216000
2018-05-11,275.8113098144531,294.0,298.5,289.75,291.25,196000
2018-05-14,275.8113098144531,294.0,297.0,291.75,296.0,159200
2018-05-15,277.6875915527344,296.0,296.5,290.0,294.0,217600
2018-05-16,279.5638732910156,298.0,303.25,295.75,295.75,291200
2018-05-17,280.0329284667969,298.5,308.0,297.5,298.0,280000
2018-05-18,288.9451904296875,308.0,308.0,298.25,300.0,277600
2018-05-21,288.00701904296875,307.0,318.5,305.5,310.5,491600
2018-05-22,288.4761657714844,307.5,317.0,306.25,308.0,223200
2018-05-23,282.1437072753906,300.75,309.75,298.75,305.25,241600
2018-05-24,274.6387023925781,292.75,299.75,292.75,298.0,227600
2018-05-25,278.1566467285156,296.5,301.25,291.5,291.5,278000
2018-05-28,282.1437072753906,300.75,303.5,297.5,297.5,190400
2018-05-29,275.5768127441406,293.75,298.75,291.25,297.25,136400
2018-05-30,304.4244079589844,324.5,345.0,290.0,290.0,2528400
2018-05-31,280.9710388183594,299.5,332.0,298.75,332.0,804400
2018-06-01,278.8602600097656,297.25,303.25,295.25,302.5,376400
2018-06-04,283.0818786621094,301.75,305.0,297.75,299.0,364000
2018-06-05,270.8860778808594,288.75,303.25,288.75,303.0,394800
2018-06-06,264.5537109375,282.0,292.25,282.0,287.5,309200
2018-06-07,275.34222412109375,293.5,298.75,287.25,287.5,203200
2018-06-08,283.0818786621094,301.75,304.25,293.0,298.5,208000
2018-06-11,283.7854919433594,302.5,305.5,299.0,304.0,128000
2018-06-12,286.5998840332031,305.5,308.0,302.0,302.0,187200
2018-06-13,288.2416076660156,307.25,311.25,301.0,305.5,224400
2018-06-14,288.00701904296875,307.0,309.0,302.25,305.25,109200
2018-06-15,311.6949462890625,332.25,337.5,304.5,306.25,1097200
2018-06-18,312.633056640625,333.25,337.5,319.0,327.75,582800
2018-06-19,308.64599609375,329.0,343.75,325.0,334.75,1052800
2018-06-20,324.5942687988281,346.0,346.0,317.0,332.25,1514400
2018-06-21,336.3209533691406,358.5,360.25,331.0,348.5,1805200
2018-06-22,320.6072082519531,341.75,352.75,339.0,350.0,802800
2018-06-25,324.8288269042969,346.25,365.75,342.75,343.75,1025200
2018-06-26,334.4446716308594,356.5,359.75,342.5,342.75,617200
2018-06-27,322.95257568359375,344.25,362.5,343.25,359.0,397600
2018-06-28,325.0633239746094,346.5,353.25,337.5,350.0,398000
2018-06-29,340.073486328125,362.5,366.25,345.25,350.0,701600
2018-07-02,321.310791015625,342.5,364.5,341.5,360.0,543600
2018-07-03,315.6820373535156,336.5,352.25,327.5,345.0,513600
2018-07-04,301.6099853515625,321.5,336.5,321.0,336.5,419600
2018-07-05,278.1566467285156,296.5,321.5,295.75,316.5,764000
2018-07-06,292.22869873046875,311.5,317.5,295.5,300.0,679600
2018-07-09,299.96826171875,319.75,322.5,302.0,313.5,410000
2018-07-10,310.9913635253906,331.5,339.0,323.75,334.75,522000
2018-07-11,314.27484130859375,335.0,349.25,328.0,328.0,639200
2018-07-12,320.1381530761719,341.25,346.75,332.5,336.5,288000
2018-07-13,325.53240966796875,347.0,353.75,343.75,346.25,272000
2018-07-16,325.53240966796875,347.0,347.0,347.0,347.0,0
2018-07-17,320.1381530761719,341.25,347.0,336.25,347.0,293200
2018-07-18,337.9626770019531,360.25,373.5,341.5,341.5,1226800
2018-07-19,316.6201477050781,337.5,362.5,334.0,357.75,916800
2018-07-20,324.8288269042969,346.25,348.5,333.0,335.5,363600
2018-07-23,317.5582580566406,338.5,346.25,335.0,342.5,272000
2018-07-24,319.1999816894531,340.25,343.5,336.25,338.75,248800
2018-07-25,324.12518310546875,345.5,347.75,336.75,341.75,307200
2018-07-26,322.95257568359375,344.25,348.25,338.75,348.25,208800
2018-07-27,330.2230529785156,352.0,357.5,345.25,346.25,686000
2018-07-30,264.0846862792969,281.5,311.25,281.0,309.25,2702400
2018-07-31,253.7651824951172,270.5,281.5,264.5,280.25,1046000
2018-08-01,256.11053466796875,273.0,280.25,268.75,280.0,478400
2018-08-02,263.3810729980469,280.75,292.5,273.0,279.75,485200
2018-08-03,261.9738464355469,279.25,291.75,278.0,289.75,254400
2018-08-06,256.8141174316406,273.75,278.25,272.5,275.5,122800
2018-08-07,265.4918518066406,283.0,284.0,272.5,274.75,143600
2018-08-08,267.6026611328125,285.25,287.0,279.75,280.5,114000
2018-08-09,269.4789123535156,287.25,292.0,285.75,290.0,280400
2018-08-10,269.0098571777344,286.75,291.0,285.25,291.0,98400
2018-08-13,257.9867858886719,275.0,283.25,270.25,282.5,245200
2018-08-14,255.64144897460938,272.5,279.0,265.0,275.5,356000
2018-08-15,254.9378662109375,271.75,282.0,270.25,273.0,308400
2018-08-16,256.8141174316406,273.75,284.5,267.5,270.75,978400
2018-08-17,248.83993530273438,265.25,273.25,263.75,270.75,288400
2018-08-20,246.72918701171875,263.0,269.5,261.5,265.5,121600
2018-08-21,242.9766387939453,259.0,264.25,257.5,264.0,125600
2018-08-22,248.83993530273438,265.25,265.5,257.25,261.5,178400
2018-08-23,256.11053466796875,273.0,273.0,265.25,269.25,170000
2018-08-24,261.5047607421875,278.75,278.75,271.0,272.5,245200
2018-08-27,274.4041442871094,292.5,299.25,278.0,282.5,1013600
2018-08-28,273.7005615234375,291.75,303.5,290.5,300.0,777200
2018-08-29,296.2157287597656,315.75,330.0,302.25,305.0,2068800
2018-08-30,283.7854919433594,302.5,315.0,299.5,308.25,846000
2018-08-31,297.3883972167969,317.0,318.25,296.0,299.25,535600
2018-09-03,291.2905578613281,310.5,324.5,302.75,324.5,492000
2018-09-04,288.4761657714844,307.5,310.5,299.5,309.25,342000
2018-09-05,290.1178283691406,309.25,312.5,304.5,307.5,177200
2018-09-06,284.2545166015625,303.0,305.75,296.0,305.0,328800
2018-09-07,289.4142761230469,308.5,314.75,287.5,296.5,446400
2018-09-10,287.3034362792969,306.25,311.5,305.25,308.0,144800
2018-09-11,282.8473205566406,301.5,311.0,298.75,306.25,148000
2018-09-12,280.9710388183594,299.5,302.75,290.0,300.75,198400
2018-09-13,277.4530944824219,295.75,301.25,293.25,296.75,157600
2018-09-14,287.77252197265625,306.75,308.75,298.5,301.5,182400
2018-09-17,287.77252197265625,306.75,306.75,306.75,306.75,0
2018-09-18,285.1926574707031,304.0,308.75,302.0,306.75,153200
2018-09-19,291.05596923828125,310.25,312.5,301.5,304.0,318400
2018-09-20,292.9322509765625,312.25,314.0,308.75,313.25,220800
2018-09-21,281.9091796875,300.5,312.25,300.5,312.25,384800
2018-09-24,281.9091796875,300.5,300.5,300.5,300.5,0
2018-09-25,288.00701904296875,307.0,308.25,301.25,304.0,274800
2018-09-26,311.4604187011719,332.0,338.5,309.25,309.75,1694000
2018-09-27,296.9192810058594,316.5,330.0,312.5,329.75,962000
2018-09-28,304.8934631347656,325.0,325.0,313.25,321.25,424000
2018-10-01,313.10211181640625,333.75,343.5,323.5,325.75,940800
2018-10-02,298.5610656738281,318.25,338.0,317.0,337.0,636800
2018-10-03,296.45025634765625,316.0,320.75,301.75,320.75,569200
2018-10-04,297.15386962890625,316.75,322.25,311.25,322.25,258000
2018-10-05,288.00701904296875,307.0,317.5,303.75,309.25,568400
2018-10-08,288.00701904296875,307.0,307.0,307.0,307.0,0
2018-10-09,282.61285400390625,301.25,308.25,296.25,303.75,348000
2018-10-10,283.31640625,302.0,307.0,297.75,302.75,223600
2018-10-11,265.4918518066406,283.0,289.5,274.5,275.0,644400
2018-10-12,275.8113098144531,294.0,295.75,278.25,278.25,295200
2018-10-15,272.05877685546875,290.0,298.75,289.0,295.0,220800
2018-10-16,267.6026611328125,285.25,290.75,282.0,287.75,262800
2018-10-17,276.9839782714844,295.25,296.5,286.75,290.25,251600
2018-10-18,278.39117431640625,296.75,301.75,293.25,294.5,279200
2018-10-19,282.1437072753906,300.75,301.25,290.25,292.25,124800
2018-10-22,287.5379943847656,306.5,309.5,297.0,300.0,278400
2018-10-23,281.44012451171875,300.0,307.5,299.0,305.25,304400
2018-10-24,274.16961669921875,292.25,304.75,289.0,301.5,363200
2018-10-25,251.4198455810547,268.0,283.0,266.25,280.0,588000
2018-10-26,243.91476440429688,260.0,282.0,260.0,275.0,592800
2018-10-29,232.1881103515625,247.5,257.5,245.0,250.0,810000
2018-10-30,249.07447814941406,265.5,266.25,245.0,247.5,516000
2018-10-31,261.270263671875,278.5,281.25,267.75,270.0,300000
2018-11-01,257.9867858886719,275.0,278.75,271.0,276.25,206000
2018-11-02,273.7005615234375,291.75,292.0,279.25,283.75,270000
2018-11-05,276.74945068359375,295.0,298.0,288.75,294.0,275200
2018-11-06,279.79840087890625,298.25,301.0,290.75,295.0,209200
2018-11-07,284.48907470703125,303.25,308.0,296.5,301.0,327600
2018-11-08,288.2416076660156,307.25,312.0,305.5,306.25,305200
2018-11-09,292.9322509765625,312.25,335.25,302.0,303.0,1162000
2018-11-12,275.10772705078125,293.25,309.0,291.5,307.75,418800
2018-11-13,265.02276611328125,282.5,290.75,276.5,278.25,376400
2018-11-14,262.2083740234375,279.5,284.75,276.75,281.0,212000
2018-11-15,270.651611328125,288.5,291.0,278.25,278.5,180000
2018-11-16,257.5177307128906,274.5,289.0,273.25,288.25,272800
2018-11-19,262.2083740234375,279.5,286.75,268.75,272.5,232400
2018-11-20,250.95077514648438,267.5,276.25,267.5,274.0,233600
2018-11-21,256.8141174316406,273.75,276.25,261.75,265.0,306800
2018-11-22,258.2213439941406,275.25,277.75,268.25,275.0,255600
2018-11-23,258.2213439941406,275.25,275.25,275.25,275.25,0
2018-11-26,262.9119873046875,280.25,282.5,270.25,275.25,162400
2018-11-27,259.863037109375,277.0,283.75,274.75,280.25,176800
2018-11-28,264.5537109375,282.0,286.75,278.75,278.75,154800
2018-11-29,261.73931884765625,279.0,284.75,277.25,280.0,143200
2018-11-30,260.3321228027344,277.5,283.25,274.25,278.0,158800
2018-12-03,263.8501281738281,281.25,284.25,276.75,278.75,158000
2018-12-04,258.9248962402344,276.0,285.5,276.0,282.0,188000
2018-12-05,255.87600708007812,272.75,277.75,268.75,270.0,197600
2018-12-06,249.07447814941406,265.5,272.5,262.5,270.5,240400
2018-12-07,246.96371459960938,263.25,271.0,263.0,266.25,254800
2018-12-10,235.7061004638672,251.25,260.75,250.75,258.25,259600
2018-12-11,231.24996948242188,246.5,256.25,244.75,251.25,260400
2018-12-12,238.52052307128906,254.25,255.75,245.0,246.5,191600
2018-12-13,241.1003875732422,257.0,257.5,250.5,252.5,123600
2018-12-14,238.05145263671875,253.75,257.25,248.0,253.5,172000
2018-12-17,235.00250244140625,250.5,256.25,250.25,251.5,193600
2018-12-18,226.79383850097656,241.75,249.0,241.25,246.75,355600
2018-12-19,232.6571807861328,248.0,264.5,240.5,242.5,484800
2018-12-20,207.5620880126953,221.25,242.75,220.25,240.5,794000
2018-12-21,190.67568969726562,203.25,218.25,198.75,218.25,802000
2018-12-24,190.67568969726562,203.25,203.25,203.25,203.25,0
2018-12-25,166.51873779296875,177.5,189.75,176.25,185.5,937600
2018-12-26,173.60462951660156,183.75,189.25,179.25,189.25,382400
2018-12-27,184.4696807861328,195.25,206.5,191.75,206.25,421600
2018-12-28,181.87152099609375,192.5,195.0,186.5,192.0,383600
2018-12-31,181.87152099609375,192.5,192.5,192.5,192.5,0
2019-01-04,184.94207763671875,195.75,196.0,181.25,185.5,367200
2019-01-07,186.12306213378906,197.0,202.5,195.25,198.75,491200
2019-01-08,194.38998413085938,205.75,208.25,197.5,197.5,422400
2019-01-09,191.55560302734375,202.75,207.25,200.25,205.75,400400
2019-01-10,194.38998413085938,205.75,207.0,200.25,203.5,180800
2019-01-11,200.05868530273438,211.75,216.5,208.5,208.5,347600
2019-01-15,201.94825744628906,213.75,220.75,210.25,211.5,304800
2019-01-16,202.89306640625,214.75,217.25,210.5,214.25,183200
2019-01-17,209.74273681640625,222.0,225.0,214.5,216.5,212400
2019-01-18,209.50656127929688,221.75,225.0,219.5,223.25,193600
2019-01-21,207.8531951904297,220.0,230.0,219.5,227.5,206800
2019-01-22,205.96359252929688,218.0,222.5,215.0,219.25,124000
2019-01-23,206.9084014892578,219.0,222.25,213.5,214.25,71600
2019-01-24,215.17529296875,227.75,227.75,217.75,220.0,184000
2019-01-25,220.13539123535156,233.0,237.5,227.0,227.75,188400
2019-01-28,218.95443725585938,231.75,234.25,226.25,229.25,106800
2019-01-29,219.66302490234375,232.5,232.5,225.0,230.0,143600
2019-01-30,209.27035522460938,221.5,232.0,221.0,230.5,251600
2019-01-31,215.41146850585938,228.0,228.75,221.75,221.75,106400
2019-02-01,215.64767456054688,228.25,234.5,227.25,231.75,181200
2019-02-04,222.26116943359375,235.25,238.5,228.25,228.75,170000
2019-02-05,222.96975708007812,236.0,239.25,230.5,235.25,164400
2019-02-06,221.55258178710938,234.5,238.25,233.0,237.5,84400
2019-02-07,216.59246826171875,229.25,235.5,228.5,235.5,90800
2019-02-08,210.4513397216797,222.75,228.0,222.5,223.0,130800
2019-02-12,215.41146850585938,228.0,231.5,226.75,227.5,121600
2019-02-13,217.77345275878906,230.5,232.0,225.75,229.75,96000
2019-02-14,221.0802001953125,234.0,234.75,229.0,231.25,136400
2019-02-15,226.74893188476562,240.0,247.0,229.75,235.0,680000
2019-02-18,191.31939697265625,202.5,202.5,202.5,202.5,56800
2019-02-19,178.80096435546875,189.25,189.75,178.25,178.25,2253600
2019-02-20,180.21817016601562,190.75,193.75,185.25,190.5,558400
2019-02-21,185.88687133789062,196.75,201.75,191.5,193.5,384400
2019-02-22,183.52491760253906,194.25,196.75,190.75,195.0,254400
2019-02-25,179.74575805664062,190.25,195.5,187.75,194.25,306400
2019-02-26,175.7304229736328,186.0,190.0,184.0,190.0,288800
2019-02-27,174.78561401367188,185.0,187.25,182.0,185.0,259600
2019-02-28,173.8408203125,184.0,189.5,183.5,184.75,220000
2019-03-01,171.95127868652344,182.0,185.0,180.25,184.25,263200
2019-03-04,171.4788818359375,181.5,183.25,180.5,183.25,222000
2019-03-05,169.82550048828125,179.75,180.75,177.25,180.25,369600
2019-03-06,168.40830993652344,178.25,179.5,176.75,178.25,221600
2019-03-07,165.57394409179688,175.25,177.5,172.5,177.0,581200
2019-03-08,159.43284606933594,168.75,175.0,167.25,175.0,416000
2019-03-11,156.36227416992188,165.5,171.25,160.75,170.5,277200
2019-03-12,159.66903686523438,169.0,173.0,168.75,170.5,189200
2019-03-13,164.15675354003906,173.75,176.0,171.0,172.5,136000
2019-03-14,161.55859375,171.0,173.75,168.25,172.75,154800
2019-03-15,162.7395782470703,172.25,175.0,170.25,172.75,178000
2019-03-18,162.7395782470703,172.25,173.75,170.25,173.75,59200
2019-03-19,161.08621215820312,170.5,171.5,167.75,171.0,115600
2019-03-20,161.08621215820312,170.5,171.25,169.0,170.0,96000
2019-03-22,164.8653564453125,174.5,178.25,170.5,170.5,428800
2019-03-25,160.6138153076172,170.0,171.0,166.75,171.0,180800
2019-03-26,160.14141845703125,169.5,171.0,169.0,170.0,112800
2019-03-27,160.85000610351562,170.25,173.0,170.0,170.0,125200
2019-03-28,157.0708770751953,166.25,170.5,165.25,170.25,203200
2019-03-29,157.54327392578125,166.75,167.25,165.0,166.75,69600
2019-04-01,157.30706787109375,166.5,169.5,165.5,167.0,173600
2019-04-02,154.23651123046875,163.25,169.0,163.0,168.0,180400
2019-04-03,156.12608337402344,165.25,168.25,163.0,164.0,112800
2019-04-04,155.18128967285156,164.25,167.25,164.25,164.75,61600
2019-04-05,156.83468627929688,166.0,166.5,163.25,164.5,82400
2019-04-08,157.0708770751953,166.25,167.75,165.0,167.0,71200
2019-04-09,156.36227416992188,165.5,165.5,162.75,165.0,214400
2019-04-10,157.54327392578125,166.75,167.0,163.75,164.75,59600
2019-04-11,157.0708770751953,166.25,167.25,164.5,166.0,75200
2019-04-12,154.70887756347656,163.75,168.25,163.75,164.5,145200
2019-04-15,156.59848022460938,165.75,166.5,162.75,163.75,174400
2019-04-16,155.41748046875,164.5,167.0,164.0,166.75,99200
2019-04-17,154.47271728515625,163.5,164.0,160.25,164.0,170400
2019-04-18,152.58311462402344,161.5,164.5,160.75,164.5,150800
2019-04-19,155.889892578125,165.0,167.25,161.25,161.25,219200
2019-04-22,154.70887756347656,163.75,169.75,163.25,166.0,244400
2019-04-23,153.7641143798828,162.75,166.75,161.25,163.0,203600
2019-04-24,154.0003204345703,163.0,167.25,162.25,164.25,250000
2019-04-25,151.87452697753906,160.75,163.0,160.75,162.5,111200
2019-04-26,151.1659393310547,160.0,160.5,155.0,158.75,254000
2019-05-07,151.87452697753906,160.75,163.5,158.75,158.75,208000
2019-05-08,153.05551147460938,162.0,162.25,157.25,158.25,219200
2019-05-09,150.9297637939453,159.75,162.25,158.25,161.5,159600
2019-05-10,152.58311462402344,161.5,162.75,157.0,159.75,260000
2019-05-13,176.2028045654297,186.5,186.5,180.0,180.0,2610000
2019-05-14,207.6169891357422,219.75,221.75,175.25,180.0,5158000
2019-05-15,209.03414916992188,221.25,221.25,209.75,217.25,1890400
2019-05-16,204.3102264404297,216.25,224.75,206.25,219.0,1264400
2019-05-17,202.18446350097656,214.0,224.5,213.5,218.0,1194400
2019-05-20,197.69671630859375,209.25,217.75,204.25,217.75,1001200
2019-05-21,188.2488555908203,199.25,208.0,197.0,208.0,1250000
2019-05-22,190.84701538085938,202.0,211.75,197.5,205.0,1016800
2019-05-23,185.41445922851562,196.25,204.5,193.5,202.0,700800
2019-05-24,185.41445922851562,196.25,203.0,190.75,195.75,566000
2019-05-27,184.4696807861328,195.25,200.0,192.75,200.0,301600
2019-05-28,188.7212371826172,199.75,204.25,194.25,197.25,918000
2019-05-29,179.5095672607422,190.0,196.75,187.0,196.0,1232000
2019-05-30,180.6905517578125,191.25,194.25,185.5,189.75,922400
2019-05-31,171.4788818359375,181.5,208.25,181.25,189.0,5092000
2019-06-03,162.50340270996094,172.0,182.5,169.5,177.75,1243600
2019-06-04,163.21197509765625,172.75,174.5,166.25,172.75,512000
2019-06-05,170.770263671875,180.75,182.25,175.75,177.5,628000
2019-06-06,166.28253173828125,176.0,182.75,174.5,180.5,375600
2019-06-07,170.06170654296875,180.0,180.0,174.5,176.25,203600
2019-06-10,176.67518615722656,187.0,190.0,178.75,181.25,921600
2019-06-11,181.16294860839844,191.75,195.75,184.25,192.5,2174000
2019-06-12,172.42364501953125,182.5,193.0,182.5,190.0,749200
2019-06-13,175.4942169189453,185.75,187.5,176.25,182.75,534800
2019-06-14,179.74575805664062,190.25,190.5,184.5,186.0,244800
2019-06-17,187.06784057617188,198.0,202.75,191.5,194.5,1346400
2019-06-18,175.4942169189453,185.75,201.5,185.5,200.75,1071600
2019-06-19,179.74575805664062,190.25,194.5,188.25,192.25,316800
2019-06-20,180.6905517578125,191.25,193.75,186.5,191.0,518400
2019-06-21,170.06170654296875,180.0,191.5,180.0,190.0,643200
2019-06-24,170.770263671875,180.75,181.75,171.25,179.0,878400
2019-06-25,174.54942321777344,184.75,188.25,180.0,180.0,455600
2019-06-26,176.67518615722656,187.0,191.25,182.0,185.5,534000
2019-06-27,178.56478881835938,189.0,191.25,186.75,187.75,312800
2019-06-28,179.74575805664062,190.25,192.5,188.0,189.0,354800
2019-07-01,185.6506805419922,196.5,198.5,191.75,192.25,672800
2019-07-02,190.84701538085938,202.0,203.5,194.75,195.75,756000
2019-07-03,191.31939697265625,202.5,206.25,200.0,203.75,592800
2019-07-04,194.38998413085938,205.75,207.5,200.25,201.25,380800
2019-07-05,196.98814392089844,208.5,209.25,205.5,206.5,527200
2019-07-08,203.1292266845703,215.0,216.75,210.25,214.0,628000
2019-07-09,199.58628845214844,211.25,217.25,209.75,217.25,557200
2019-07-10,204.78262329101562,216.75,219.5,209.5,211.25,463600
2019-07-11,206.43600463867188,218.5,218.75,214.0,215.75,282400
2019-07-12,201.23965454101562,213.0,222.25,210.75,219.75,572000
2019-07-16,203.1292266845703,215.0,218.25,211.75,215.25,376800
2019-07-17,202.420654296875,214.25,216.0,213.0,214.5,256000
2019-07-18,201.47586059570312,213.25,215.25,211.25,213.25,328400
2019-07-19,207.1446075439453,219.25,227.0,215.0,215.0,809200
2019-07-22,204.5464324951172,216.5,220.25,213.0,218.75,367200
2019-07-23,201.94825744628906,213.75,219.25,213.25,216.0,329600
2019-07-24,201.94825744628906,213.75,215.5,212.0,213.75,209200
2019-07-25,205.01882934570312,217.0,219.25,212.75,212.75,192400
2019-07-26,204.78262329101562,216.75,217.5,214.25,216.5,179200
2019-07-29,203.60165405273438,215.5,221.0,215.25,219.0,199200
2019-07-30,203.3654327392578,215.25,218.25,214.5,215.5,238000
2019-07-31,207.8531951904297,220.0,221.5,214.0,215.5,288400
2019-08-01,212.8133087158203,225.25,225.75,217.0,219.75,540800
2019-08-02,203.1292266845703,215.0,222.0,211.0,221.5,1773200
2019-08-05,167.69972229003906,177.5,177.5,177.5,177.5,314400
2019-08-06,157.30706787109375,166.5,166.5,155.25,163.75,4262000
2019-08-07,152.346923828125,161.25,164.25,159.75,162.5,1073200
2019-08-08,148.80398559570312,157.5,161.5,156.5,161.0,1252000
2019-08-09,148.0953826904297,156.75,161.25,156.75,158.0,629600
2019-08-13,148.0953826904297,156.75,158.0,152.5,156.0,700800
2019-08-14,150.9297637939453,159.75,162.5,159.0,160.5,606800
2019-08-15,146.20582580566406,154.75,156.25,152.0,155.0,585600
2019-08-16,149.0401611328125,157.75,158.75,155.0,156.0,242800
2019-08-19,151.4021453857422,160.25,161.5,157.25,158.75,230400
2019-08-20,152.58311462402344,161.5,165.0,159.0,161.5,344000
2019-08-21,152.346923828125,161.25,161.5,158.5,161.25,180400
2019-08-22,148.56777954101562,157.25,164.75,155.75,161.5,388400
2019-08-23,150.22116088867188,159.0,159.25,156.75,157.5,184800
2019-08-26,144.78863525390625,153.25,155.75,152.75,154.75,348000
2019-08-27,145.9696044921875,154.5,156.0,153.75,155.5,208800
2019-08-28,141.71807861328125,150.0,155.25,149.5,155.0,526000
2019-08-29,140.3009033203125,148.5,151.0,145.75,150.0,338000
2019-08-30,143.13525390625,151.5,152.0,147.75,148.5,164000
2019-09-02,142.89907836914062,151.25,153.5,149.75,150.5,213600
2019-09-03,144.78863525390625,153.25,153.5,149.5,150.25,113200
2019-09-04,142.66285705566406,151.0,153.5,149.5,153.25,387200
2019-09-05,140.77328491210938,149.0,153.5,148.25,152.25,758800
2019-09-06,145.26101684570312,153.75,157.75,148.75,151.0,640400
2019-09-09,142.66285705566406,151.0,154.25,150.25,153.5,338000
2019-09-10,141.95425415039062,150.25,153.75,150.25,151.75,194400
2019-09-11,146.20582580566406,154.75,156.75,150.75,151.25,334000
2019-09-12,142.89907836914062,151.25,156.25,151.25,155.0,159200
2019-09-13,141.71807861328125,150.0,152.0,150.0,152.0,203600
2019-09-17,142.1904754638672,150.5,151.75,150.0,150.0,131600
2019-09-18,140.53709411621094,148.75,152.25,148.0,152.25,270800
2019-09-19,142.42666625976562,150.75,152.25,149.5,149.5,152000
2019-09-20,143.3714599609375,151.75,153.0,151.0,152.25,153600
2019-09-24,141.48187255859375,149.75,153.0,149.5,151.5,174000
2019-09-25,141.24566650390625,149.5,150.25,148.25,149.75,201600
2019-09-26,143.13525390625,151.5,153.75,150.0,150.75,266800
2019-09-27,140.06468200683594,148.25,152.75,146.5,152.75,455200
2019-09-30,137.46652221679688,145.5,147.75,145.0,147.75,358400
2019-10-01,143.3714599609375,151.75,152.5,146.5,147.25,264800
2019-10-02,144.0800323486328,152.5,158.0,151.0,151.75,456400
2019-10-03,141.24566650390625,149.5,151.0,148.0,150.0,336000
2019-10-04,143.84384155273438,152.25,152.5,149.5,150.0,178000
2019-10-07,146.20582580566406,154.75,155.0,150.75,153.75,320800
2019-10-08,146.44203186035156,155.0,155.25,153.5,155.0,177200
2019-10-09,144.78863525390625,153.25,154.25,151.5,151.5,135600
2019-10-10,143.3714599609375,151.75,153.5,151.25,153.0,175600
2019-10-11,142.42666625976562,150.75,152.75,150.25,152.75,108800
2019-10-15,144.31625366210938,152.75,154.5,151.0,151.25,194400
2019-10-16,145.02484130859375,153.5,155.75,152.5,153.5,229200
2019-10-17,144.0800323486328,152.5,154.5,152.0,153.25,168000
2019-10-18,145.9696044921875,154.5,155.5,152.5,152.75,226400
2019-10-21,154.23651123046875,163.25,167.0,154.5,154.5,848400
2019-10-23,152.58311462402344,161.5,166.25,161.25,165.5,376000
2019-10-24,152.346923828125,161.25,163.0,160.25,162.0,182000
2019-10-25,151.4021453857422,160.25,162.5,160.0,162.5,144400
2019-10-28,154.0003204345703,163.0,166.25,161.75,164.25,147200
2019-10-29,157.0708770751953,166.25,167.5,162.75,163.0,425600
2019-10-30,151.6383514404297,160.5,165.0,158.75,165.0,406000
2019-10-31,151.4021453857422,160.25,162.75,156.5,160.5,320000
2019-11-01,157.0708770751953,166.25,169.0,159.75,160.0,627200
2019-11-05,149.2763671875,158.0,165.25,156.5,163.75,990000
2019-11-06,149.2763671875,158.0,160.5,155.25,158.0,341600
2019-11-07,160.6138153076172,170.0,171.5,158.25,160.5,964400
2019-11-08,170.770263671875,180.75,187.25,172.5,172.5,1714400
2019-11-11,159.66903686523438,169.0,180.5,166.25,178.5,1122800
2019-11-12,155.65367126464844,164.75,171.25,164.0,171.25,851600
2019-11-13,163.21197509765625,172.75,173.5,164.0,165.25,565200
2019-11-14,161.7947998046875,171.25,181.25,170.5,172.0,658800
2019-11-15,165.57394409179688,175.25,181.25,170.5,170.5,591200
2019-11-18,166.75494384765625,176.5,179.75,174.5,177.5,337200
2019-11-19,164.15675354003906,173.75,179.0,172.75,179.0,319200
2019-11-20,175.02182006835938,185.25,185.25,173.5,174.75,710000
2019-11-21,174.78561401367188,185.0,189.25,179.5,184.75,554400
2019-11-22,181.3991241455078,192.0,193.75,184.75,187.0,556000
2019-11-25,184.70587158203125,195.5,197.75,192.5,192.75,591600
2019-11-26,179.5095672607422,190.0,195.0,187.75,194.0,504800
2019-11-27,186.35928344726562,197.25,199.75,190.25,191.5,636800
2019-11-28,182.8163299560547,193.5,197.0,193.0,195.5,288400
2019-11-29,189.42984008789062,200.5,203.0,193.5,193.5,648000
2019-12-02,188.01263427734375,199.0,203.5,197.75,198.75,281200
2019-12-03,187.54025268554688,198.5,201.25,194.5,194.75,354800
2019-12-04,185.6506805419922,196.5,199.25,194.5,194.75,212000
2019-12-05,191.31939697265625,202.5,208.75,201.25,202.5,735600
2019-12-06,201.23965454101562,213.0,213.5,198.0,201.25,784000
2019-12-09,202.420654296875,214.25,219.0,211.25,216.25,736000
2019-12-10,198.16909790039062,209.75,213.75,208.0,212.5,525600
2019-12-11,202.65684509277344,214.5,217.75,210.25,211.5,740000
2019-12-12,188.9574432373047,200.0,214.5,199.25,214.5,750400
2019-12-13,186.595458984375,197.5,204.75,197.0,201.5,343200
2019-12-16,184.4696807861328,195.25,203.75,195.25,197.0,561200
2019-12-17,185.17828369140625,196.0,198.25,193.75,197.75,386400
2019-12-18,181.63534545898438,192.25,199.25,189.75,198.0,538800
2019-12-19,189.90220642089844,201.0,203.25,193.75,195.25,532800
2019-12-20,189.42984008789062,200.5,202.25,198.25,202.25,312400
2019-12-23,185.6506805419922,196.5,203.0,195.5,202.5,244400
2019-12-24,181.87152099609375,192.5,196.5,191.5,196.5,288000
2019-12-25,177.38377380371094,187.75,193.75,187.75,193.75,380400
2019-12-26,175.7304229736328,186.0,189.75,185.25,187.75,710000
2019-12-27,177.87344360351562,186.75,189.25,183.75,186.5,605600
2019-12-30,175.96853637695312,184.75,188.0,182.75,187.5,464400
2020-01-06,172.3967742919922,181.0,185.25,178.5,181.25,366000
2020-01-07,176.4447784423828,185.25,188.5,183.0,184.0,741600
2020-01-08,172.87301635742188,181.5,185.75,178.75,185.5,899600
2020-01-09,182.6358184814453,191.75,193.5,183.25,183.75,496000
2020-01-10,183.82638549804688,193.0,196.25,191.75,191.75,488400
2020-01-14,185.7313232421875,195.0,196.75,192.25,195.25,321600
2020-01-15,192.63673400878906,202.25,204.75,197.5,197.5,538000
2020-01-16,187.8743896484375,197.25,202.5,194.75,201.5,540800
2020-01-17,185.25509643554688,194.5,198.0,192.25,197.5,304800
2020-01-20,188.35061645507812,197.75,199.0,192.0,193.5,395200
2020-01-21,184.54074096679688,193.75,201.25,193.75,198.75,330000
2020-01-22,183.35015869140625,192.5,194.25,190.75,192.75,314400
2020-01-23,182.87391662597656,192.0,195.0,189.5,191.0,288400
2020-01-24,179.06405639648438,188.0,191.5,185.75,191.25,422400
2020-01-27,171.44430541992188,180.0,185.25,179.25,183.5,546800
2020-01-28,175.96853637695312,184.75,186.0,179.0,179.75,384400
2020-01-29,173.58734130859375,182.25,186.5,181.5,185.0,268400
2020-01-30,169.53936767578125,178.0,186.25,174.25,183.5,508400
2020-01-31,171.20619201660156,179.75,180.25,175.0,176.5,385600
2020-02-03,170.25372314453125,178.75,179.75,174.5,177.5,600800
2020-02-04,172.1586456298828,180.75,182.5,176.5,179.75,347200
2020-02-05,173.11111450195312,181.75,183.5,180.0,182.0,120800
2020-02-06,173.11111450195312,181.75,184.5,180.75,182.0,318000
2020-02-07,170.49183654785156,179.0,181.25,176.5,180.0,373200
2020-02-10,171.20619201660156,179.75,181.25,174.5,177.5,243600
2020-02-12,174.77793884277344,183.5,183.5,178.0,180.0,180000
2020-02-13,181.92144775390625,191.0,198.25,189.0,194.75,985600
2020-02-14,163.34832763671875,171.5,188.75,171.0,187.5,1630800
2020-02-17,158.8240966796875,166.75,172.5,162.5,171.75,1015200
2020-02-18,165.25326538085938,173.5,175.0,165.25,169.25,459200
2020-02-19,184.30262756347656,193.5,198.0,171.75,171.75,1920000
2020-02-20,181.2071075439453,190.25,200.0,185.25,186.0,1000000
2020-02-21,185.7313232421875,195.0,197.5,186.5,186.5,659200
2020-02-25,179.77841186523438,188.75,193.25,180.25,183.75,890800
2020-02-26,172.1586456298828,180.75,189.0,177.75,185.0,566800
2020-02-27,161.68148803710938,169.75,182.5,168.25,180.0,678000
2020-02-28,145.0133056640625,152.25,162.5,151.25,159.5,1116800
2020-03-02,151.68060302734375,159.25,165.0,150.0,150.25,547200
2020-03-03,159.3003387451172,167.25,170.25,162.75,169.0,973200
2020-03-04,149.53753662109375,157.0,164.25,156.75,162.25,523200
2020-03-05,158.8240966796875,166.75,168.75,159.5,162.0,1105200
2020-03-06,147.15635681152344,154.5,164.5,153.25,163.25,846000
2020-03-09,130.9644012451172,137.5,147.5,136.5,145.5,1220800
2020-03-10,135.96487426757812,142.75,144.25,127.5,133.0,1164000
2020-03-11,126.20205688476562,132.5,144.0,132.25,142.5,470800
2020-03-12,116.67737579345703,122.5,135.0,120.75,128.5,1056800
2020-03-13,110.01009368896484,115.5,122.5,105.75,118.5,1499200
2020-03-16,108.34327697753906,113.75,124.25,113.5,113.5,902800
2020-03-17,109.05762481689453,114.5,119.25,108.5,108.5,639600
2020-03-18,102.8665771484375,108.0,120.5,106.75,116.5,785200
2020-03-19,95.96118927001953,100.75,111.25,98.75,110.75,1199600
2020-03-23,96.43742370605469,101.25,106.75,97.75,98.75,544400
2020-03-24,105.96211242675781,111.25,112.25,106.25,107.25,506800
2020-03-25,113.34373474121094,119.0,122.25,114.0,122.25,462000
2020-03-26,109.53385925292969,115.0,123.0,113.75,118.75,320800
2020-03-27,111.43879699707031,117.0,121.75,113.25,120.75,307600
2020-03-30,110.24821472167969,115.75,117.0,112.5,114.25,323600
2020-03-31,110.24821472167969,115.75,121.5,113.75,116.0,576000
2020-04-01,106.43833923339844,111.75,117.0,110.0,113.75,415200
2020-04-02,106.20022583007812,111.5,114.0,109.25,110.0,246400
2020-04-03,102.39034271240234,107.5,114.0,105.75,111.5,302800
2020-04-06,108.81951141357422,114.25,115.5,105.5,105.5,387200
2020-04-07,111.20068359375,116.75,120.25,113.0,118.25,288400
2020-04-08,113.34373474121094,119.0,120.25,111.25,118.75,266800
2020-04-09,115.01055145263672,120.75,122.0,117.5,118.0,196000
2020-04-10,113.10562133789062,118.75,123.5,115.5,122.75,248000
2020-04-13,115.72491455078125,121.5,124.5,115.75,118.25,260800
2020-04-14,120.48725128173828,126.5,128.75,122.25,123.5,187200
2020-04-15,120.0110092163086,126.0,129.0,124.25,129.0,153600
2020-04-16,121.6778335571289,127.75,128.25,123.25,125.75,125200
2020-04-17,123.34465026855469,129.5,131.5,127.5,128.5,183600
2020-04-20,124.53524017333984,130.75,132.25,127.75,129.5,168400
2020-04-21,117.62983703613281,123.5,130.25,121.5,128.75,286000
2020-04-22,116.20114135742188,122.0,123.5,118.75,122.5,190400
2020-04-23,118.58230590820312,124.5,127.75,122.25,122.25,162400
2020-04-24,116.91548919677734,122.75,125.25,121.75,123.75,99200
2020-04-27,119.53477478027344,125.5,126.75,123.0,125.0,200000
2020-04-28,121.20159912109375,127.25,127.25,123.75,125.5,264400
2020-04-30,121.91594696044922,128.0,129.5,126.0,128.0,284000
2020-05-01,118.82042694091797,124.75,128.0,122.5,128.0,302800
2020-05-07,126.67828369140625,133.0,133.0,126.0,126.0,270800
2020-05-08,127.868896484375,134.25,136.75,130.25,135.0,290800
2020-05-11,136.9173126220703,143.75,146.25,138.75,140.5,648400
2020-05-12,136.44110107421875,143.25,147.25,140.75,143.75,274800
2020-05-13,133.5836944580078,140.25,143.0,138.0,138.25,201200
2020-05-14,129.05946350097656,135.5,145.25,134.75,139.5,321200
2020-05-15,130.2500457763672,136.75,139.25,133.0,138.0,199600
2020-05-18,135.25050354003906,142.0,142.5,138.75,142.5,250400
2020-05-19,134.29803466796875,141.0,144.5,138.5,144.5,239200
2020-05-20,145.7276611328125,153.0,153.0,141.0,142.25,446000
2020-05-21,154.77610778808594,162.5,164.5,151.25,154.0,536400
2020-05-22,152.39492797851562,160.0,167.0,158.5,162.5,404400
2020-05-25,156.91917419433594,164.75,167.0,157.75,164.0,337200
2020-05-26,155.25234985351562,163.0,165.5,160.75,164.75,337200
2020-05-27,169.06314086914062,177.5,182.5,161.75,162.5,1217600
2020-05-28,176.92098999023438,185.75,193.25,175.75,175.75,1124400
2020-05-29,173.8254852294922,182.5,185.0,179.25,183.75,301600
2020-06-01,171.44430541992188,180.0,186.5,179.25,182.5,340800
2020-06-02,169.77748107910156,178.25,184.75,178.25,181.0,186800
2020-06-03,172.87301635742188,181.5,187.0,178.75,181.5,557600
2020-06-04,176.68287658691406,185.5,196.0,182.75,184.75,1064800
2020-06-05,176.68287658691406,185.5,188.0,180.5,184.25,264000
2020-06-08,174.3017120361328,183.0,188.75,181.75,186.5,270400
2020-06-09,176.20663452148438,185.0,185.25,179.5,185.25,198800
2020-06-10,176.20663452148438,185.0,189.5,183.0,183.75,238400
2020-06-11,171.9205322265625,180.5,184.75,179.0,184.75,251600
2020-06-12,164.53890991210938,172.75,175.0,163.5,168.0,465200
2020-06-15,158.34786987304688,166.25,172.5,165.0,171.25,371600
2020-06-16,168.34878540039062,176.75,181.25,170.0,170.0,430000
2020-06-17,166.68194580078125,175.0,177.5,172.25,176.75,183600
2020-06-18,167.39630126953125,175.75,175.75,171.5,175.0,120000
2020-06-19,170.49183654785156,179.0,179.25,175.25,178.75,187600
2020-06-22,174.53982543945312,183.25,184.75,176.75,178.5,386400
2020-06-23,184.30262756347656,193.5,201.5,190.5,195.75,982000
2020-06-24,189.30308532714844,198.75,200.75,194.5,197.0,485200
2020-06-25,190.01744079589844,199.5,199.5,192.25,195.0,384400
2020-06-26,197.16094970703125,207.0,207.25,199.0,200.25,677200
2020-06-29,192.16049194335938,201.75,218.75,198.0,207.5,862000
2020-06-30,196.4465789794922,206.25,211.0,201.25,204.25,604000
2020-07-01,184.77886962890625,194.0,207.0,194.0,207.0,366400
2020-07-02,176.4447784423828,185.25,195.5,182.0,194.25,526800
2020-07-03,187.8743896484375,197.25,198.75,187.0,187.0,408000
2020-07-06,189.30308532714844,198.75,202.25,196.75,200.0,186000
2020-07-07,193.82730102539062,203.5,203.5,195.0,196.25,332800
2020-07-08,194.77976989746094,204.5,206.25,198.75,202.5,259200
2020-07-09,194.54165649414062,204.25,208.0,202.0,204.75,165600
2020-07-10,187.1600341796875,196.5,202.25,194.0,201.75,240800
2020-07-13,193.1129608154297,202.75,203.0,197.25,197.25,145600
2020-07-14,187.39816284179688,196.75,200.5,194.5,200.0,176800
2020-07-15,202.39952087402344,212.5,218.25,195.5,199.25,1550000
2020-07-16,194.06541442871094,203.75,210.75,201.25,210.5,653200
2020-07-17,188.1125030517578,197.5,205.5,196.5,202.0,318800
2020-07-20,190.73179626464844,200.25,201.5,195.25,198.0,196800
2020-07-21,191.68426513671875,201.25,202.25,195.5,202.25,251200
2020-07-22,190.49366760253906,200.0,202.0,196.25,198.5,150400
2020-07-27,195.0178985595703,204.75,207.25,197.5,198.5,298800
2020-07-28,190.49366760253906,200.0,204.0,198.75,203.75,219200
2020-07-29,190.73179626464844,200.25,200.75,196.0,200.5,174800
2020-07-30,188.58872985839844,198.0,205.75,197.5,200.0,263200
2020-07-31,180.0165252685547,189.0,198.0,186.25,198.0,299200
2020-08-03,184.30262756347656,193.5,195.5,186.0,187.75,246000
2020-08-04,186.6837921142578,196.0,199.25,194.5,196.5,79200
2020-08-05,190.73179626464844,200.25,201.25,193.25,196.0,174000
2020-08-06,195.0178985595703,204.75,210.0,199.75,200.0,600400
2020-08-07,194.06541442871094,203.75,206.5,198.75,204.5,453200
2020-08-11,229.78298950195312,241.25,241.25,241.25,241.25,81200
2020-08-12,265.5005798339844,278.75,278.75,278.75,278.75,426400
2020-08-13,287.64544677734375,302.0,341.5,283.75,294.75,15691200
2020-08-14,332.17333984375,348.75,348.75,310.5,323.0,7953200
2020-08-17,343.1267395019531,360.25,373.0,335.0,343.5,6146400
2020-08-18,350.984619140625,368.5,384.0,357.0,364.0,4131600
2020-08-19,360.9855041503906,379.0,382.5,358.75,361.0,2864800
2020-08-20,361.6998291015625,379.75,381.5,355.5,378.5,1827200
2020-08-21,404.7990417480469,425.0,427.25,384.25,385.0,3650800
2020-08-24,387.17840576171875,406.5,425.75,394.25,422.0,2770000
2020-08-25,392.6551208496094,412.25,439.0,400.25,402.0,2871600
2020-08-26,391.70263671875,411.25,418.5,397.0,406.0,1869600
2020-08-27,397.41741943359375,417.25,431.25,402.25,414.5,2430400
2020-08-28,365.7478332519531,384.0,426.75,375.0,418.25,3308000
2020-08-31,407.8945617675781,428.25,433.75,400.5,407.5,2431200
2020-09-01,405.75152587890625,426.0,433.0,418.25,424.0,1779600
2020-09-02,400.512939453125,420.5,447.0,410.0,432.5,2480400
2020-09-03,397.8936767578125,417.75,434.5,414.25,425.75,1747200
2020-09-04,397.8936767578125,417.75,425.5,395.75,397.75,1917600
2020-09-07,361.22357177734375,379.25,419.75,375.0,414.25,2786000
2020-09-08,363.1285705566406,381.25,393.25,372.5,385.0,1404400
2020-09-09,360.50927734375,378.5,384.0,365.0,371.25,1471600
2020-09-10,355.74688720703125,373.5,393.0,370.75,386.0,1688400
2020-09-11,356.2231750488281,374.0,376.5,359.5,366.0,1115600
2020-09-14,368.8433837890625,387.25,388.5,372.0,384.5,999600
2020-09-15,383.6065979003906,402.75,403.75,383.25,392.75,1145200
2020-09-16,392.1788635253906,411.75,419.5,405.25,412.25,1275600
2020-09-17,400.512939453125,420.5,420.75,399.0,406.5,1151200
2020-09-18,440.5166015625,462.5,462.5,421.0,422.5,3055200
2020-09-23,457.4229431152344,480.25,484.5,450.5,456.25,2216800
2020-09-24,468.13824462890625,491.5,508.0,470.75,484.25,3908000
2020-09-25,488.8543701171875,513.25,518.5,494.0,499.25,2025600
2020-09-28,471.47186279296875,495.0,529.5,476.25,525.75,2379200
2020-09-29,493.1405029296875,517.75,534.75,488.75,497.5,1692800
2020-09-30,483.13958740234375,507.25,522.0,497.5,517.25,1707200
2020-10-02,470.75750732421875,494.25,523.25,487.75,517.25,1833200
2020-10-05,483.6158142089844,507.75,507.75,494.25,506.75,1534800
2020-10-06,493.1405029296875,517.75,532.75,511.0,512.0,1245600
2020-10-07,476.4722595214844,500.25,518.75,500.25,510.0,1035600
2020-10-08,452.18438720703125,474.75,506.0,472.5,506.0,1756800
2020-10-09,453.37493896484375,476.0,482.25,464.25,472.25,1207200
2020-10-12,472.1861572265625,495.75,495.75,473.75,486.0,1242400
2020-10-13,474.8054504394531,498.5,507.5,490.75,498.75,1217200
2020-10-14,541.7164306640625,568.75,572.25,496.5,502.25,3229600
2020-10-15,517.4284057617188,543.25,565.0,530.25,557.75,1934400
2020-10-16,502.6651306152344,527.75,543.0,508.5,540.0,1378400
2020-10-19,490.5212097167969,515.0,528.0,497.0,528.0,1381200
2020-10-20,509.0942687988281,534.5,547.75,525.75,530.25,1183600
2020-10-21,477.66290283203125,501.5,526.0,497.0,525.5,1644800
2020-10-22,422.6578063964844,443.75,499.5,429.0,499.5,5788400
2020-10-23,409.5613708496094,430.0,446.5,406.75,440.25,3661200
2020-10-26,384.32098388671875,403.5,428.75,399.25,426.0,2576400
2020-10-27,385.74969482421875,405.0,419.75,388.25,393.5,2134800
2020-10-28,384.55908203125,403.75,414.5,396.75,400.25,990400
2020-10-29,391.70263671875,411.25,414.75,390.0,393.75,1195200
2020-10-30,374.320068359375,393.0,411.75,384.5,411.0,2120400
2020-11-02,378.12994384765625,397.0,413.5,390.0,402.75,1713600
2020-11-04,399.3223571777344,419.25,436.5,400.0,411.25,3712800
2020-11-05,392.6551208496094,412.25,426.5,401.75,423.75,1988800
2020-11-06,403.8465881347656,424.0,433.25,409.25,417.5,2750800
2020-11-09,499.09344482421875,524.0,524.0,524.0,524.0,327200
2020-11-10,471.47186279296875,495.0,547.5,469.25,547.5,8151200
2020-11-11,561.956298828125,590.0,595.0,466.25,485.0,5783600
2020-11-12,564.3375244140625,592.5,619.5,572.25,577.5,5821600
2020-11-13,517.4284057617188,543.25,589.5,532.75,581.25,4741600
2020-11-16,533.3822631835938,560.0,593.75,550.75,559.0,2864800
2020-11-17,501.474609375,526.5,565.0,501.0,550.0,3490400
2020-11-18,538.6207885742188,565.5,569.0,527.75,538.5,1957200
2020-11-19,510.9992980957031,536.5,563.5,526.5,559.75,2318800
2020-11-20,512.427978515625,538.0,544.5,516.0,533.75,1334000
2020-11-24,499.5697021484375,524.5,547.5,521.75,542.5,1496800
2020-11-25,483.6158142089844,507.75,531.0,504.0,523.0,1526400
2020-11-26,486.7113342285156,511.0,532.5,506.5,520.25,889200
2020-11-27,495.52166748046875,520.25,527.5,505.75,505.75,1050800
2020-11-30,505.76068115234375,531.0,548.75,527.5,532.5,1272800
2020-12-01,529.3342895507812,555.75,579.0,537.5,549.0,2276800
2020-12-02,550.5266723632812,578.0,580.75,542.5,562.25,1534400
2020-12-03,510.7611389160156,536.25,582.25,535.5,571.25,2005200
2020-12-04,506.9512939453125,532.25,541.75,508.0,537.25,1706400
2020-12-07,477.42474365234375,501.25,546.0,493.75,540.25,1760400
2020-12-08,506.2369689941406,531.5,533.5,500.25,500.25,996400
2020-12-09,499.5697021484375,524.5,532.5,514.0,525.0,732000
2020-12-10,479.0915832519531,503.0,522.75,501.25,515.0,748800
2020-12-11,514.571044921875,540.25,546.25,507.25,513.5,1497600
2020-12-14,515.5234985351562,541.25,552.25,527.0,540.25,795600
2020-12-15,518.6190185546875,544.5,558.75,533.75,551.75,920400
2020-12-16,514.3328857421875,540.0,560.75,536.0,554.5,1071200
2020-12-17,527.9055786132812,554.25,567.5,539.5,539.5,984000
2020-12-18,530.2867431640625,556.75,577.25,552.5,561.25,872800
2020-12-21,527.4293823242188,553.75,571.0,540.25,559.0,760000
2020-12-22,494.09295654296875,518.75,547.75,512.5,545.0,1574400
2020-12-23,515.0472412109375,540.75,544.5,522.5,526.25,992400
2020-12-24,549.0980224609375,576.5,602.75,548.0,555.5,2663600
2020-12-25,563.385009765625,591.5,595.0,561.0,570.75,1516400
2020-12-28,601.0075073242188,631.0,652.0,577.5,591.5,2889200
2020-12-29,591.4563598632812,619.25,642.25,612.0,632.0,1678800
2020-12-30,603.3953247070312,631.75,650.0,604.5,621.75,1584000
2021-01-04,588.3522338867188,616.0,639.25,610.0,632.5,1711600
2021-01-05,582.6215209960938,610.0,632.25,598.5,615.5,1188400
2021-01-06,534.3881225585938,559.5,610.0,548.75,600.0,2866800
2021-01-07,512.6591796875,536.75,563.25,534.0,560.25,1862400
2021-01-08,503.1080322265625,526.75,553.0,522.0,549.25,1982800
2021-01-12,509.0775451660156,533.0,543.75,505.5,526.75,1714000
2021-01-13,506.45098876953125,530.25,531.0,515.25,525.5,1356000
2021-01-14,490.2139587402344,513.25,540.75,506.0,537.75,2055600
2021-01-15,470.156494140625,492.25,516.25,489.25,515.0,2002400
2021-01-18,477.5586242675781,500.0,506.25,473.75,479.75,1600800
2021-01-19,474.93206787109375,497.25,504.0,490.75,495.75,899600
2021-01-20,479.9464416503906,502.5,504.0,484.5,500.0,936800
2021-01-21,501.43658447265625,525.0,528.75,510.0,510.5,1560800
2021-01-22,507.1672668457031,531.0,538.5,520.25,524.0,1188800
2021-01-25,502.3916931152344,526.0,535.75,518.0,527.75,718000
2021-01-26,484.2444763183594,507.0,537.0,504.5,522.25,1432800
2021-01-27,493.07928466796875,516.25,520.75,504.75,506.0,469600
2021-01-28,463.7094421386719,485.5,503.25,484.0,497.0,1060000
2021-01-29,448.66632080078125,469.75,502.25,468.25,493.75,1194000
2021-02-01,464.9033508300781,486.75,487.5,464.0,464.5,506400
2021-02-02,477.3198547363281,499.75,501.25,484.25,489.25,534400
2021-02-03,487.5873718261719,510.5,515.25,498.75,505.0,591600
2021-02-04,494.7507629394531,518.0,521.0,506.25,512.5,420000
2021-02-05,492.1241760253906,515.25,524.25,510.25,523.75,302400
2021-02-08,494.9895324707031,518.25,520.0,504.5,520.0,322800
2021-02-09,476.603515625,499.0,514.75,478.75,500.25,2080800
2021-02-10,479.9464416503906,502.5,507.25,492.5,500.0,647200
2021-02-12,483.0505676269531,505.75,509.0,493.0,502.5,1316000
2021-02-15,439.35394287109375,460.0,472.0,422.75,455.25,4728400
2021-02-16,438.1600341796875,458.75,489.25,450.0,475.0,1670400
2021-02-17,432.6680908203125,453.0,469.25,451.25,468.75,935600
2021-02-18,432.1905822753906,452.5,469.75,448.5,460.0,836000
2021-02-19,430.0415344238281,450.25,454.75,440.75,448.5,708400
2021-02-22,436.7273864746094,457.25,459.0,448.75,454.25,572000
2021-02-24,437.6824645996094,458.25,466.5,450.25,459.75,722800
2021-02-25,431.7130126953125,452.0,475.0,452.0,458.75,676800
2021-02-26,423.8332824707031,443.75,454.5,437.5,442.75,688000
2021-03-01,441.98052978515625,462.75,476.25,443.25,450.0,962000
2021-03-02,452.00927734375,473.25,479.25,466.5,467.25,635600
2021-03-03,448.90509033203125,470.0,482.75,464.25,473.25,757200
2021-03-04,439.35394287109375,460.0,475.25,454.75,464.75,648000
2021-03-05,420.2515869140625,440.0,455.0,414.0,452.5,1528800
2021-03-08,433.38446044921875,453.75,462.0,444.25,449.0,552000
2021-03-09,441.025390625,461.75,462.5,432.75,447.0,420000
2021-03-10,441.025390625,461.75,466.75,453.25,463.0,252800
2021-03-11,449.1438903808594,470.25,474.0,453.75,460.0,447200
2021-03-12,465.6196594238281,487.5,492.5,465.25,465.25,585200
2021-03-15,472.06671142578125,494.25,495.25,479.75,487.5,293200
2021-03-16,471.8279113769531,494.0,498.75,489.0,497.5,283200
2021-03-17,468.4850158691406,490.5,506.0,487.0,494.5,292400
2021-03-18,472.7830810546875,495.0,502.0,489.75,492.0,264000
2021-03-19,469.917724609375,492.0,495.75,480.25,488.5,308400
2021-03-22,462.75433349609375,484.5,493.5,482.75,492.5,153200
2021-03-23,453.68072509765625,475.0,504.0,474.75,485.25,466000
2021-03-24,445.0846862792969,466.0,476.5,462.25,470.75,344400
2021-03-25,442.21929931640625,463.0,470.25,453.25,467.5,299600
2021-03-26,460.60528564453125,482.25,484.25,463.0,465.0,283600
2021-03-29,445.56219482421875,466.5,482.25,465.0,481.25,538400
2021-03-30,449.6214599609375,470.75,477.0,467.25,474.0,301200
2021-03-31,492.1241760253906,515.25,537.25,467.25,470.25,3034800
2021-04-01,499.28759765625,522.75,536.0,508.0,520.0,1458000
2021-04-02,531.0452270507812,556.0,561.25,509.5,528.75,2198400
2021-04-05,518.389892578125,542.75,570.5,540.75,556.25,1396000
2021-04-06,512.4204711914062,536.5,555.5,521.75,540.75,1133600
2021-04-07,519.8225708007812,544.25,544.5,521.75,534.5,738400
2021-04-08,512.8980102539062,537.0,539.75,519.0,538.5,780000
2021-04-09,524.12060546875,548.75,554.5,532.75,540.75,733200
2021-04-12,555.4006958007812,581.5,584.75,541.0,548.5,1466000
2021-04-13,584.53173828125,612.0,617.5,580.25,583.0,1719200
2021-04-14,591.9339599609375,619.75,632.5,610.0,616.75,1211200
2021-04-15,603.156494140625,631.5,632.5,594.75,611.75,1344400
2021-04-16,600.0524291992188,628.25,652.25,618.75,631.5,1654400
2021-04-19,595.0380249023438,623.0,642.5,611.0,615.75,788400
2021-04-20,595.0380249023438,623.0,625.5,605.75,612.5,675200
2021-04-21,619.63232421875,648.75,663.75,612.75,616.75,1414000
2021-04-22,667.38818359375,698.75,699.5,650.75,659.25,1276000
2021-04-23,661.8963012695312,693.0,708.0,683.0,686.25,900000
2021-04-26,642.0775756835938,672.25,697.75,669.0,687.5,790000
2021-04-27,630.85498046875,660.5,689.75,652.75,674.75,826000
2021-04-28,625.601806640625,655.0,662.0,639.5,660.0,499600
2021-04-30,658.5534057617188,689.5,742.0,646.25,651.25,3188400
2021-05-06,648.7633666992188,679.25,699.25,652.5,687.5,1841600
2021-05-07,664.2841186523438,695.5,721.0,668.25,679.25,1365200
2021-05-10,759.3182373046875,795.0,812.5,718.25,732.75,4097200
2021-05-11,755.7365112304688,791.25,821.25,760.0,780.0,1868800
2021-05-12,746.1853637695312,781.25,826.25,772.5,808.75,1070800
2021-05-13,728.2769165039062,762.5,790.0,741.5,755.0,1447200
2021-05-14,728.2769165039062,762.5,805.0,748.0,776.25,1290400
2021-05-17,715.3828125,749.0,791.25,731.75,780.0,1160400
2021-05-18,728.2769165039062,762.5,777.5,739.25,748.75,870000
2021-05-19,749.76708984375,785.0,806.25,748.75,761.25,1163600
2021-05-20,750.9609375,786.25,792.5,767.5,778.75,594800
2021-05-21,786.77783203125,823.75,833.75,792.5,792.5,1033200
2021-05-24,754.5426635742188,790.0,837.5,782.5,836.25,1024400
2021-05-25,830.9520874023438,870.0,885.0,812.5,833.75,2660000
2021-05-26,852.4421997070312,892.5,911.25,870.0,875.0,1647600
2021-05-27,811.8496704101562,850.0,897.5,845.0,890.0,1150400
2021-05-28,796.3289794921875,833.75,885.0,821.25,873.75,1068400
2021-05-31,789.1656494140625,826.25,846.25,805.0,825.0,590000
2021-06-01,755.7365112304688,791.25,840.0,780.0,840.0,1084000
2021-06-02,759.3182373046875,795.0,818.75,777.5,790.0,861200
2021-06-03,736.6342163085938,771.25,795.0,763.75,795.0,874000
2021-06-04,730.6647338867188,765.0,788.75,747.5,756.25,831200
2021-06-07,754.5426635742188,790.0,796.25,763.75,765.0,543200
2021-06-08,755.7365112304688,791.25,825.0,780.0,780.0,780000
2021-06-09,742.6036987304688,777.5,812.5,772.5,796.25,446000
2021-06-10,761.7060546875,797.5,797.5,758.75,772.5,530000
2021-06-11,758.1243286132812,793.75,825.0,788.75,805.0,484000
2021-06-14,827.3703002929688,866.25,873.75,802.5,815.0,1385200
2021-06-15,859.6055908203125,900.0,912.5,866.25,880.0,1420400
2021-06-16,881.095703125,922.5,936.25,901.25,917.5,1338400
2021-06-17,918.1065063476562,961.25,971.25,912.5,930.0,1527600
2021-06-18,912.136962890625,955.0,1005.0,955.0,968.75,1794400
2021-06-21,891.8407592773438,933.75,962.5,917.5,925.0,1153200
2021-06-22,865.5750732421875,906.25,977.5,902.5,951.25,1076800
2021-06-23,896.6163940429688,938.75,942.5,891.25,912.5,771600
2021-06-24,852.4421997070312,892.5,945.0,891.25,942.5,658800
2021-06-25,853.6360473632812,893.75,920.0,891.25,900.0,356800
2021-06-28,861.993408203125,902.5,916.25,862.5,891.25,582400
2021-06-29,848.1441650390625,888.0,969.0,887.0,913.0,780000
2021-06-30,798.47802734375,836.0,892.0,808.0,888.0,1417100
2021-07-01,773.64501953125,810.0,846.0,802.0,840.0,581100
2021-07-02,802.2985229492188,840.0,858.0,792.0,802.0,704900
2021-07-05,792.7473754882812,830.0,852.0,815.0,842.0,415700
2021-07-06,816.625244140625,855.0,882.0,805.0,826.0,1333600
2021-07-07,796.56787109375,834.0,859.0,823.0,840.0,862700
2021-07-08,784.1513061523438,821.0,847.0,811.0,834.0,568000
2021-07-09,828.0867309570312,867.0,873.0,808.0,810.0,948700
2021-07-12,840.503173828125,880.0,895.0,853.0,882.0,835400
2021-07-13,915.0023803710938,958.0,960.0,877.0,889.0,1225900
2021-07-14,985.6810302734375,1032.0,1045.0,939.0,970.0,2635300
2021-07-15,1012.4241943359375,1060.0,1077.0,992.0,1039.0,2193700
2021-07-16,996.187255859375,1043.0,1075.0,1019.0,1030.0,1425400
2021-07-19,950.3417358398438,995.0,1069.0,987.0,1035.0,1234900
2021-07-20,974.2196044921875,1020.0,1065.0,991.0,1009.0,1625200
2021-07-21,972.3094482421875,1018.0,1059.0,1007.0,1056.0,726500
2021-07-26,1036.30224609375,1085.0,1111.0,1021.0,1035.0,1545400
2021-07-27,1025.7960205078125,1074.0,1115.0,1052.0,1108.0,1167300
2021-07-28,963.7133178710938,1009.0,1074.0,1005.0,1068.0,883600
2021-07-29,945.566162109375,990.0,1049.0,936.0,979.0,2665200
2021-07-30,927.4188842773438,971.0,1011.0,948.0,987.0,1447300
2021-08-02,934.1046752929688,978.0,994.0,944.0,975.0,710900
2021-08-03,915.0023803710938,958.0,1016.0,952.0,983.0,1140300
2021-08-04,892.0795288085938,934.0,976.0,925.0,973.0,1243900
2021-08-05,893.03466796875,935.0,953.0,917.0,933.0,629400
2021-08-06,859.6055908203125,900.0,932.0,895.0,929.0,979500
2021-08-10,775.5552978515625,812.0,855.0,800.0,825.0,2419900
2021-08-11,805.1638793945312,843.0,859.0,803.0,829.0,1233200
2021-08-12,800.3882446289062,838.0,873.0,824.0,842.0,1210300
2021-08-13,790.8370971679688,828.0,859.0,823.0,840.0,638400
2021-08-16,753.5875244140625,789.0,830.0,784.0,819.0,1310200
2021-08-17,742.1261596679688,777.0,813.0,770.0,796.0,921100
2021-08-18,763.1387329101562,799.0,811.0,760.0,771.0,717300
2021-08-19,741.1710205078125,776.0,814.0,773.0,791.0,591400
2021-08-20,727.79931640625,762.0,803.0,760.0,791.0,452100
2021-08-23,759.3182373046875,795.0,811.0,769.0,769.0,531500
2021-08-24,783.1961059570312,820.0,841.0,809.0,809.0,540600
2021-08-25,784.1513061523438,821.0,849.0,811.0,840.0,650600
2021-08-26,768.869384765625,805.0,828.0,797.0,822.0,378400
2021-08-27,766.0040893554688,802.0,811.0,784.0,794.0,325400
2021-08-30,791.792236328125,829.0,833.0,813.0,817.0,359900
2021-08-31,820.44580078125,859.0,865.0,829.0,835.0,528600
2021-09-01,832.8623046875,872.0,880.0,843.0,871.0,686900
2021-09-02,824.2661743164062,863.0,889.0,853.0,882.0,415800
2021-09-03,808.029296875,846.0,874.0,845.0,873.0,380400
2021-09-06,799.4331665039062,837.0,853.0,829.0,853.0,531500
2021-09-07,788.9268798828125,826.0,856.0,821.0,825.0,409800
2021-09-08,794.6575927734375,832.0,839.0,810.0,831.0,362400
2021-09-09,787.0166625976562,824.0,843.0,818.0,824.0,220800
2021-09-10,821.4008178710938,860.0,862.0,825.0,825.0,365900
2021-09-13,832.8623046875,872.0,883.0,851.0,860.0,572000
2021-09-14,863.426025390625,904.0,912.0,861.0,880.0,746600
2021-09-15,880.6181030273438,922.0,924.0,865.0,896.0,748400
2021-09-16,855.7850341796875,896.0,936.0,879.0,932.0,756900
2021-09-17,915.0023803710938,958.0,960.0,890.0,900.0,879500
2021-09-21,872.0220947265625,913.0,944.0,905.0,918.0,889600
2021-09-22,844.3236083984375,884.0,937.0,878.0,922.0,825900
2021-09-24,867.2465209960938,908.0,919.0,897.0,914.0,726600
2021-09-27,863.426025390625,904.0,909.0,893.0,908.0,388400
2021-09-28,873.9323120117188,915.0,919.0,864.0,895.0,588400
2021-09-29,912.136962890625,955.0,958.0,894.0,894.0,701200
2021-09-30,893.03466796875,935.0,976.0,915.0,946.0,994200
2021-10-01,895.9000244140625,938.0,955.0,905.0,926.0,660700
2021-10-04,877.7528076171875,919.0,965.0,911.0,950.0,677000
2021-10-05,832.8623046875,872.0,906.0,848.0,895.0,987500
2021-10-06,873.9323120117188,915.0,936.0,886.0,887.0,863600
2021-10-07,928.3740234375,972.0,980.0,912.0,913.0,892800
2021-10-08,993.3218994140625,1040.0,1050.0,990.0,995.0,1781500
2021-10-11,1003.8283081054688,1051.0,1053.0,991.0,1017.0,1235100
2021-10-12,1012.4241943359375,1060.0,1077.0,1021.0,1040.0,952600
2021-10-13,960.8480224609375,1006.0,1041.0,984.0,1035.0,1273100
2021-10-14,965.62353515625,1011.0,1038.0,998.0,1011.0,673000
2021-10-15,981.860595703125,1028.0,1039.0,1001.0,1001.0,650400
2021-10-18,1002.8731689453125,1050.0,1093.0,1030.0,1030.0,791900
2021-10-19,1047.763671875,1097.0,1105.0,1044.0,1044.0,1000700
2021-10-20,1137.544677734375,1191.0,1198.0,1111.0,1115.0,1786800
2021-10-21,1121.3076171875,1174.0,1205.0,1150.0,1167.0,1160700
2021-10-22,1143.275390625,1197.0,1226.0,1163.0,1170.0,1045400
2021-10-25,1124.1729736328125,1177.0,1216.0,1121.0,1210.0,1099500
2021-10-26,1194.8516845703125,1251.0,1279.0,1180.0,1195.0,1189600
2021-10-27,1170.973876953125,1226.0,1264.0,1223.0,1255.0,579700
2021-10-28,1147.0958251953125,1201.0,1260.0,1192.0,1226.0,644000
2021-10-29,1123.2178955078125,1176.0,1214.0,1163.0,1192.0,559800
2021-11-01,1164.2879638671875,1219.0,1253.0,1205.0,1214.0,584200
2021-11-02,1105.0706787109375,1157.0,1225.0,1147.0,1216.0,633400
2021-11-04,1085.96826171875,1137.0,1194.0,1121.0,1169.0,657100
2021-11-05,1058.2698974609375,1108.0,1153.0,1104.0,1140.0,806800
2021-11-08,988.5463256835938,1035.0,1051.0,964.0,1009.0,2468000
2021-11-09,998.0975952148438,1045.0,1104.0,1027.0,1048.0,1013500
2021-11-10,997.1425170898438,1044.0,1071.0,1018.0,1030.0,552500
2021-11-11,977.0850219726562,1023.0,1047.0,1006.0,1045.0,603100
2021-11-12,971.3543090820312,1017.0,1041.0,1008.0,1028.0,425400
2021-11-15,999.0526123046875,1046.0,1057.0,1022.0,1038.0,582000
2021-11-16,1011.4691162109375,1059.0,1077.0,1022.0,1038.0,442300
2021-11-17,1009.5589599609375,1057.0,1086.0,1051.0,1070.0,438100
2021-11-18,994.2770385742188,1041.0,1067.0,1037.0,1052.0,340800
2021-11-19,974.2196044921875,1020.0,1052.0,1007.0,1041.0,635100
2021-11-22,976.1298828125,1022.0,1033.0,1010.0,1019.0,600200
2021-11-24,954.1621704101562,999.0,1021.0,981.0,1010.0,611200
2021-11-25,934.1046752929688,978.0,1034.0,976.0,1014.0,491600
2021-11-26,924.5535278320312,968.0,982.0,952.0,978.0,446700
2021-11-29,890.1693725585938,932.0,973.0,927.0,953.0,782100
2021-11-30,870.11181640625,911.0,970.0,909.0,957.0,710800
2021-12-01,855.7850341796875,896.0,927.0,860.0,920.0,1178000
2021-12-02,808.029296875,846.0,886.0,846.0,878.0,878500
2021-12-03,837.6378784179688,877.0,877.0,849.0,853.0,582100
2021-12-06,788.9268798828125,826.0,873.0,825.0,871.0,802400
2021-12-07,838.593017578125,878.0,880.0,845.0,845.0,544300
2021-12-08,862.470947265625,903.0,916.0,888.0,908.0,757100
2021-12-09,857.6953125,898.0,920.0,891.0,906.0,393200
2021-12-10,847.1890258789062,887.0,912.0,872.0,883.0,450200
2021-12-13,990.4566040039062,1037.0,1037.0,1037.0,1037.0,59600
2021-12-14,875.8424682617188,917.0,1095.0,897.0,1060.0,3856800
2021-12-15,851.9646606445312,892.0,930.0,868.0,927.0,1203100
2021-12-16,852.9197387695312,893.0,934.0,892.0,922.0,935800
2021-12-17,858.6504516601562,899.0,915.0,863.0,880.0,658300
2021-12-20,871.0669555664062,912.0,922.0,884.0,884.0,579600
2021-12-21,897.8101806640625,940.0,960.0,915.0,921.0,691700
2021-12-22,947.4763793945312,992.0,997.0,950.0,950.0,532900
2021-12-23,947.4763793945312,992.0,1018.0,978.0,1000.0,521100
2021-12-24,918.8228149414062,962.0,1009.0,955.0,1001.0,567700
2021-12-27,892.0795288085938,934.0,947.0,909.0,947.0,566200
2021-12-28,867.2465209960938,908.0,952.0,902.0,941.0,667300
2021-12-29,874.9127807617188,913.0,949.0,908.0,908.0,514600
2021-12-30,905.5778198242188,945.0,948.0,904.0,916.0,284600
2022-01-04,899.8280639648438,939.0,971.0,929.0,942.0,449700
2022-01-05,850.9556884765625,888.0,932.0,884.0,929.0,618300
2022-01-06,803.999755859375,839.0,878.0,834.0,863.0,977300
2022-01-07,804.9580688476562,840.0,874.0,828.0,861.0,564200
2022-01-11,776.2095336914062,810.0,832.0,800.0,825.0,748300
2022-01-12,821.2489013671875,857.0,863.0,834.0,839.0,468100
2022-01-13,795.3751831054688,830.0,860.0,827.0,852.0,446300
2022-01-14,781.0009155273438,815.0,826.0,800.0,809.0,335300
2022-01-17,773.3346557617188,807.0,829.0,807.0,813.0,336500
2022-01-18,772.3764038085938,806.0,822.0,778.0,812.0,645000
2022-01-19,716.7959594726562,748.0,794.0,742.0,785.0,765200
2022-01-20,736.919921875,769.0,771.0,739.0,743.0,463300
2022-01-21,728.2953491210938,760.0,762.0,737.0,750.0,438800
2022-01-24,709.1296997070312,740.0,749.0,725.0,745.0,421700
2022-01-25,675.5897827148438,705.0,759.0,695.0,755.0,748400
2022-01-26,695.7137451171875,726.0,738.0,695.0,695.0,500600
2022-01-27,638.2166748046875,666.0,735.0,655.0,721.0,1140300
2022-01-28,643.0081787109375,671.0,694.0,650.0,692.0,856900
2022-01-31,675.5897827148438,705.0,715.0,676.0,686.0,605600
2022-02-01,686.130859375,716.0,750.0,713.0,735.0,489800
2022-02-02,714.87939453125,746.0,754.0,734.0,737.0,414400
2022-02-03,686.130859375,716.0,728.0,705.0,728.0,386700
2022-02-04,689.9640502929688,720.0,726.0,707.0,713.0,281400
2022-02-07,670.79833984375,700.0,723.0,693.0,723.0,281700
2022-02-08,652.5909423828125,681.0,707.0,677.0,707.0,404200
2022-02-09,671.756591796875,701.0,707.0,678.0,694.0,513700
2022-02-10,680.3812255859375,710.0,725.0,680.0,725.0,643400
2022-02-14,699.5469360351562,730.0,732.0,661.0,675.0,879500
2022-02-15,660.2572631835938,689.0,757.0,688.0,730.0,1017900
2022-02-16,673.6732177734375,703.0,720.0,694.0,709.0,615500
2022-02-17,667.923583984375,697.0,715.0,695.0,704.0,401000
2022-02-18,665.0487060546875,694.0,698.0,671.0,682.0,415700
2022-02-21,636.3001708984375,664.0,684.0,662.0,670.0,381600
2022-02-22,607.5516357421875,634.0,660.0,628.0,652.0,792600
2022-02-24,578.80322265625,604.0,639.0,599.0,626.0,781300
2022-02-25,649.7161254882812,678.0,685.0,626.0,634.0,973500
2022-02-28,672.7149047851562,702.0,709.0,668.0,683.0,535500
2022-03-01,716.7959594726562,748.0,755.0,710.0,713.0,784400
2022-03-02,690.92236328125,721.0,748.0,715.0,726.0,630200
2022-03-03,673.6732177734375,703.0,754.0,697.0,750.0,611000
2022-03-04,650.6744384765625,679.0,695.0,664.0,688.0,627400
2022-03-07,627.6755981445312,655.0,667.0,644.0,654.0,390000
2022-03-08,632.467041015625,660.0,687.0,642.0,645.0,609700
2022-03-09,634.3836059570312,662.0,685.0,655.0,666.0,303300
2022-03-10,678.4646606445312,708.0,717.0,693.0,700.0,420800
2022-03-11,672.7149047851562,702.0,718.0,693.0,695.0,404700
2022-03-14,673.6732177734375,703.0,723.0,690.0,692.0,283600
2022-03-15,700.5051879882812,731.0,736.0,684.0,691.0,464000
2022-03-16,733.0868530273438,765.0,769.0,738.0,750.0,687600
2022-03-17,774.29296875,808.0,810.0,780.0,800.0,762200
2022-03-18,760.8770141601562,794.0,807.0,777.0,801.0,577600
2022-03-22,752.2525024414062,785.0,813.0,773.0,809.0,369100
2022-03-23,782.9175415039062,817.0,821.0,794.0,800.0,406600
2022-03-24,807.8328857421875,843.0,843.0,804.0,813.0,418900
2022-03-25,814.5408935546875,850.0,856.0,820.0,849.0,478200
2022-03-28,769.5015869140625,803.0,844.0,802.0,839.0,476600
2022-03-29,818.3740234375,854.0,863.0,821.0,826.0,385900
2022-03-30,828.9151000976562,865.0,873.0,851.0,869.0,391900
2022-03-31,808.7911987304688,844.0,864.0,841.0,850.0,285300
2022-04-01,833.7066040039062,870.0,870.0,826.0,833.0,338000
2022-04-04,877.7875366210938,916.0,918.0,873.0,889.0,626600
2022-04-05,907.494384765625,947.0,953.0,928.0,930.0,584700
2022-04-06,889.2869873046875,928.0,957.0,908.0,928.0,508900
2022-04-07,827.9568481445312,864.0,908.0,858.0,898.0,600300
2022-04-08,846.1641845703125,883.0,885.0,866.0,872.0,263300
2022-04-11,802.0831909179688,837.0,873.0,832.0,868.0,436900
2022-04-12,800.1666870117188,835.0,895.0,828.0,882.0,1382900
2022-04-13,886.4121704101562,925.0,939.0,834.0,835.0,1070100
2022-04-14,893.1201782226562,932.0,945.0,914.0,940.0,568900
2022-04-15,905.5778198242188,945.0,949.0,911.0,935.0,527500
2022-04-18,866.2882080078125,904.0,957.0,896.0,942.0,522300
2022-04-19,892.161865234375,931.0,944.0,908.0,910.0,464100
2022-04-20,871.07958984375,909.0,951.0,903.0,950.0,441400
2022-04-21,825.0819702148438,861.0,913.0,857.0,905.0,689500
2022-04-22,811.6660766601562,847.0,861.0,834.0,846.0,427200
2022-04-25,791.5420532226562,826.0,842.0,817.0,822.0,398600
2022-04-26,855.7471313476562,893.0,899.0,853.0,856.0,429400
2022-04-27,851.9139404296875,889.0,893.0,857.0,863.0,379500
2022-04-28,816.4574584960938,852.0,888.0,845.0,888.0,288000
2022-05-02,790.583740234375,825.0,849.0,824.0,840.0,336600
2022-05-06,783.8757934570312,818.0,835.0,809.0,821.0,489400
2022-05-09,862.4550170898438,900.0,915.0,820.0,830.0,2011700
2022-05-10,771.4181518554688,805.0,869.0,781.0,865.0,1057400
2022-05-11,815.4991455078125,851.0,859.0,800.0,804.0,491500
2022-05-12,798.2500610351562,833.0,873.0,831.0,845.0,432900
2022-05-13,765.66845703125,799.0,849.0,789.0,833.0,827000
2022-05-16,792.5003051757812,827.0,841.0,801.0,828.0,479600
2022-05-17,772.3764038085938,806.0,817.0,788.0,812.0,393900
2022-05-18,779.0844116210938,813.0,825.0,803.0,805.0,273900
2022-05-19,762.7935791015625,796.0,803.0,777.0,783.0,286700
2022-05-20,771.4181518554688,805.0,809.0,788.0,798.0,156500
2022-05-23,794.4169311523438,829.0,831.0,805.0,807.0,195000
2022-05-24,792.5003051757812,827.0,847.0,823.0,827.0,249300
2022-05-25,770.4598388671875,804.0,826.0,804.0,824.0,256700
2022-05-26,764.7101440429688,798.0,814.0,794.0,803.0,192200
2022-05-27,760.8770141601562,794.0,808.0,790.0,808.0,155600
2022-05-30,768.5433349609375,802.0,815.0,792.0,799.0,189000
2022-05-31,753.2107543945312,786.0,815.0,780.0,815.0,338700
2022-06-01,754.1690673828125,787.0,793.0,783.0,786.0,145700
2022-06-02,724.4622802734375,756.0,784.0,756.0,782.0,309000
2022-06-03,724.4622802734375,756.0,774.0,749.0,771.0,203900
2022-06-06,734.0451049804688,766.0,771.0,745.0,745.0,148400
2022-06-07,724.4622802734375,756.0,766.0,749.0,757.0,122900
2022-06-08,730.2119750976562,762.0,767.0,751.0,758.0,148900
2022-06-09,749.3776245117188,782.0,784.0,759.0,766.0,161900
2022-06-10,732.1285400390625,764.0,776.0,764.0,773.0,134700
2022-06-13,685.1726684570312,715.0,740.0,715.0,740.0,338800
2022-06-14,672.7149047851562,702.0,716.0,688.0,700.0,393300
2022-06-15,653.5492553710938,682.0,713.0,680.0,709.0,319300
2022-06-16,676.548095703125,706.0,718.0,698.0,715.0,256700
2022-06-17,660.2572631835938,689.0,695.0,670.0,683.0,350600
2022-06-20,636.3001708984375,664.0,705.0,655.0,705.0,335100
2022-06-21,670.79833984375,700.0,706.0,671.0,674.0,208000
2022-06-22,661.2155151367188,690.0,715.0,685.0,711.0,186200
2022-06-23,659.2990112304688,688.0,706.0,686.0,689.0,140200
2022-06-24,689.0057373046875,719.0,729.0,690.0,690.0,317700
2022-06-27,683.2560424804688,713.0,725.0,700.0,725.0,165500
2022-06-28,678.4646606445312,708.0,708.0,688.0,699.0,213800
2022-06-29,663.1321411132812,692.0,698.0,681.0,698.0,230600
2022-06-30,648.7578735351562,677.0,694.0,676.0,690.0,213100
2022-07-01,634.3836059570312,662.0,685.0,659.0,676.0,172400
2022-07-04,636.3001708984375,664.0,675.0,651.0,670.0,252700
2022-07-05,651.6326904296875,680.0,682.0,658.0,658.0,213300
2022-07-06,664.0903930664062,693.0,703.0,673.0,680.0,251100
2022-07-07,677.50634765625,707.0,724.0,693.0,696.0,370800
2022-07-08,687.0891723632812,717.0,739.0,704.0,720.0,452900
2022-07-11,689.9640502929688,720.0,736.0,719.0,729.0,185500
2022-07-12,688.0474853515625,718.0,727.0,707.0,711.0,266700
2022-07-13,675.5897827148438,705.0,709.0,692.0,708.0,129100
2022-07-14,698.588623046875,729.0,730.0,694.0,710.0,264400
2022-07-15,697.6303100585938,728.0,746.0,726.0,734.0,167800
2022-07-19,715.8377075195312,747.0,750.0,723.0,726.0,279400
2022-07-20,728.2953491210938,760.0,767.0,755.0,755.0,317300
2022-07-21,748.4193115234375,781.0,791.0,765.0,767.0,377700
2022-07-22,749.3776245117188,782.0,797.0,771.0,786.0,233000
2022-07-25,751.294189453125,784.0,792.0,771.0,778.0,208600
2022-07-26,754.1690673828125,787.0,791.0,762.0,778.0,141900
2022-07-27,751.294189453125,784.0,790.0,774.0,786.0,328100
2022-07-28,739.7947387695312,772.0,807.0,771.0,795.0,288200
2022-07-29,775.2512817382812,809.0,821.0,780.0,780.0,471800
2022-08-01,771.4181518554688,805.0,815.0,795.0,800.0,366200
2022-08-02,764.7101440429688,798.0,804.0,786.0,801.0,213700
2022-08-03,770.4598388671875,804.0,817.0,801.0,804.0,167400
2022-08-04,771.4181518554688,805.0,823.0,800.0,813.0,172100
2022-08-05,763.7518920898438,797.0,807.0,778.0,800.0,417200
2022-08-08,835.6231079101562,872.0,921.0,862.0,890.0,3518500
2022-08-09,891.2035522460938,930.0,967.0,851.0,870.0,2140600
2022-08-10,883.5372924804688,922.0,949.0,897.0,915.0,686000
2022-08-12,923.7852172851562,964.0,994.0,908.0,913.0,1222100
2022-08-15,918.9937744140625,959.0,1004.0,956.0,973.0,893900
2022-08-16,917.0772094726562,957.0,972.0,939.0,944.0,469300
2022-08-17,903.6612548828125,943.0,966.0,930.0,957.0,340500
2022-08-18,883.5372924804688,922.0,947.0,918.0,939.0,297300
2022-08-19,869.1630249023438,907.0,922.0,896.0,908.0,392800
2022-08-22,913.2440185546875,953.0,953.0,907.0,929.0,706400
2022-08-23,886.4121704101562,925.0,979.0,919.0,973.0,964100
2022-08-24,922.826904296875,963.0,985.0,930.0,931.0,934600
2022-08-25,941.9926147460938,983.0,1025.0,961.0,963.0,1349300
2022-08-26,908.4526977539062,948.0,998.0,945.0,980.0,555500
2022-08-29,886.4121704101562,925.0,948.0,910.0,918.0,623000
2022-08-30,896.9532470703125,936.0,937.0,913.0,929.0,233700
2022-08-31,901.74462890625,941.0,947.0,926.0,934.0,210700
2022-09-01,882.5789794921875,921.0,945.0,913.0,940.0,339200
2022-09-02,896.9532470703125,936.0,942.0,915.0,930.0,320200
2022-09-05,903.6612548828125,943.0,946.0,925.0,929.0,220400
2022-09-06,900.786376953125,940.0,965.0,933.0,949.0,312400
2022-09-07,891.2035522460938,930.0,934.0,915.0,934.0,260700
2022-09-08,923.7852172851562,964.0,973.0,940.0,945.0,461400
2022-09-09,967.8662109375,1010.0,1015.0,969.0,970.0,734500
2022-09-12,992.7816162109375,1036.0,1051.0,1023.0,1023.0,485700
2022-09-13,950.6171264648438,992.0,1041.0,986.0,1030.0,528000
2022-09-14,958.2833862304688,1000.0,1010.0,955.0,955.0,374800
2022-09-15,940.0760498046875,981.0,1010.0,981.0,999.0,335700
2022-09-16,932.4097290039062,973.0,989.0,957.0,969.0,336200
2022-09-20,916.118896484375,956.0,977.0,940.0,973.0,310600
2022-09-21,893.1201782226562,932.0,953.0,919.0,950.0,300500
2022-09-22,892.161865234375,931.0,939.0,901.0,917.0,483600
2022-09-26,832.748291015625,869.0,907.0,863.0,906.0,558000
2022-09-27,854.788818359375,892.0,893.0,864.0,879.0,289700
2022-09-28,826.0402221679688,862.0,900.0,851.0,889.0,459800
2022-09-29,842.3311157226562,879.0,904.0,878.0,892.0,256700
2022-09-30,834.664794921875,871.0,897.0,860.0,875.0,296200
2022-10-03,856.705322265625,894.0,899.0,859.0,865.0,213100
2022-10-04,875.87109375,914.0,926.0,895.0,917.0,349700
2022-10-05,853.83056640625,891.0,929.0,891.0,920.0,354100
2022-10-06,890.2453002929688,929.0,933.0,900.0,900.0,300100
2022-10-07,856.705322265625,894.0,934.0,894.0,914.0,512000
2022-10-11,764.7101440429688,798.0,876.0,789.0,876.0,1925300
2022-10-12,786.7506713867188,821.0,834.0,809.0,813.0,814300
2022-10-13,794.4169311523438,829.0,850.0,820.0,835.0,861300
2022-10-14,831.7899780273438,868.0,890.0,842.0,850.0,751600
2022-10-17,821.2489013671875,857.0,871.0,845.0,854.0,366800
2022-10-18,846.1641845703125,883.0,905.0,870.0,880.0,633100
2022-10-19,814.5408935546875,850.0,882.0,843.0,870.0,360100
2022-10-20,797.2918090820312,832.0,843.0,823.0,835.0,342700
2022-10-21,781.0009155273438,815.0,840.0,815.0,840.0,233200
2022-10-24,782.9175415039062,817.0,830.0,811.0,827.0,231000
2022-10-25,784.8341064453125,819.0,823.0,808.0,817.0,300900
2022-10-26,756.0855712890625,789.0,821.0,787.0,819.0,564800
2022-10-27,746.5028076171875,779.0,791.0,771.0,789.0,380600
2022-10-28,758.9603881835938,792.0,792.0,766.0,776.0,396400
2022-10-31,753.2107543945312,786.0,800.0,775.0,800.0,379200
2022-11-01,739.7947387695312,772.0,784.0,763.0,780.0,466400
2022-11-02,716.7959594726562,748.0,764.0,743.0,764.0,655900
2022-11-04,728.2953491210938,760.0,773.0,738.0,745.0,926000
2022-11-07,676.548095703125,706.0,710.0,669.0,686.0,2241500
2022-11-08,672.7149047851562,702.0,709.0,684.0,707.0,631100
2022-11-09,675.5897827148438,705.0,708.0,697.0,706.0,377300
2022-11-10,654.507568359375,683.0,705.0,681.0,697.0,494800
2022-11-11,675.5897827148438,705.0,709.0,696.0,703.0,427400
2022-11-14,663.1321411132812,692.0,702.0,687.0,701.0,308000
2022-11-15,648.7578735351562,677.0,688.0,671.0,687.0,461500
2022-11-16,651.6326904296875,680.0,687.0,668.0,681.0,296000
2022-11-17,637.2584838867188,665.0,677.0,664.0,670.0,551200
2022-11-18,651.6326904296875,680.0,699.0,669.0,671.0,415400
2022-11-21,657.3824462890625,686.0,687.0,675.0,685.0,343000
2022-11-22,643.9664306640625,672.0,686.0,666.0,686.0,482100
2022-11-24,666.9652709960938,696.0,705.0,685.0,687.0,421600
2022-11-25,666.9652709960938,696.0,712.0,696.0,704.0,223000
2022-11-28,665.0487060546875,694.0,705.0,693.0,703.0,379000
2022-11-29,661.2155151367188,690.0,696.0,684.0,691.0,177600
2022-11-30,658.3406982421875,687.0,700.0,685.0,699.0,405000
2022-12-01,680.3812255859375,710.0,717.0,697.0,705.0,387300
2022-12-02,685.1726684570312,715.0,722.0,705.0,715.0,222500
2022-12-05,643.0081787109375,671.0,702.0,670.0,702.0,737900
2022-12-06,637.2584838867188,665.0,668.0,657.0,664.0,330500
2022-12-07,616.1761474609375,643.0,659.0,640.0,659.0,523300
2022-12-08,601.8019409179688,628.0,648.0,618.0,643.0,686900
2022-12-09,625.7590942382812,653.0,663.0,636.0,636.0,660700
2022-12-12,619.051025390625,646.0,651.0,636.0,650.0,231400
2022-12-13,629.5921630859375,657.0,660.0,646.0,652.0,152200
2022-12-14,666.0069580078125,695.0,695.0,671.0,671.0,469600
2022-12-15,664.0903930664062,693.0,698.0,681.0,691.0,345700
2022-12-16,654.507568359375,683.0,688.0,670.0,678.0,219200
2022-12-19,661.2155151367188,690.0,698.0,674.0,683.0,281200
2022-12-20,651.6326904296875,680.0,690.0,663.0,686.0,579800
2022-12-21,651.6326904296875,680.0,687.0,656.0,668.0,265000
2022-12-22,666.9652709960938,696.0,703.0,689.0,689.0,269900
2022-12-23,648.7578735351562,677.0,688.0,668.0,687.0,256000
2022-12-26,619.051025390625,646.0,676.0,644.0,675.0,385300
2022-12-27,626.7174072265625,654.0,663.0,648.0,656.0,572800
2022-12-28,609.46826171875,636.0,655.0,628.0,652.0,539000
2022-12-29,625.966552734375,645.0,652.0,625.0,625.0,230200
2022-12-30,650.2288818359375,670.0,674.0,645.0,645.0,259900
2023-01-04,639.5534057617188,659.0,669.0,655.0,664.0,197400
2023-01-05,657.9927978515625,678.0,680.0,658.0,658.0,239300
2023-01-06,664.7862548828125,685.0,690.0,663.0,668.0,270800
2023-01-10,690.989501953125,712.0,717.0,693.0,694.0,301600
2023-01-11,706.5172729492188,728.0,731.0,710.0,710.0,269700
2023-01-12,697.7828979492188,719.0,731.0,713.0,728.0,207100
2023-01-13,694.8713989257812,716.0,728.0,706.0,719.0,227500
2023-01-16,698.75341796875,720.0,730.0,708.0,708.0,150700
2023-01-17,691.9599609375,713.0,726.0,711.0,723.0,121800
2023-01-18,710.3992919921875,732.0,734.0,700.0,720.0,318300
2023-01-19,724.9566650390625,747.0,757.0,721.0,725.0,345700
2023-01-20,718.1632080078125,740.0,759.0,740.0,747.0,252900
2023-01-23,731.7501220703125,754.0,758.0,751.0,752.0,164900
2023-01-24,719.1337280273438,741.0,768.0,741.0,767.0,161100
2023-01-25,733.6910400390625,756.0,759.0,738.0,741.0,157900
2023-01-26,725.9271240234375,748.0,762.0,748.0,760.0,124800
2023-01-27,721.0746459960938,743.0,753.0,741.0,752.0,154000
2023-01-30,706.5172729492188,728.0,744.0,725.0,743.0,283800
2023-01-31,699.723876953125,721.0,730.0,715.0,728.0,189500
2023-02-01,689.0485229492188,710.0,726.0,710.0,720.0,239000
2023-02-02,689.0485229492188,710.0,717.0,703.0,712.0,228500
2023-02-03,699.723876953125,721.0,733.0,716.0,720.0,382800
2023-02-06,698.75341796875,720.0,725.0,709.0,716.0,216200
2023-02-07,695.8419189453125,717.0,723.0,714.0,721.0,111600
2023-02-08,752.13037109375,775.0,777.0,737.0,738.0,648100
2023-02-09,736.6025390625,759.0,771.0,750.0,763.0,334000
2023-02-10,743.39599609375,766.0,780.0,755.0,759.0,375200
2023-02-13,650.2288818359375,670.0,690.0,638.0,650.0,1960600
2023-02-14,635.6715087890625,655.0,678.0,650.0,670.0,466500
2023-02-15,636.6420288085938,656.0,656.0,641.0,649.0,322200
2023-02-16,646.3468627929688,666.0,669.0,647.0,655.0,429700
2023-02-17,631.78955078125,651.0,661.0,648.0,658.0,362500
2023-02-20,627.9075317382812,647.0,653.0,645.0,652.0,234500
2023-02-21,606.5567626953125,625.0,646.0,625.0,646.0,467700
2023-02-22,600.7338256835938,619.0,625.0,606.0,625.0,373300
2023-02-24,608.4977416992188,627.0,630.0,620.0,625.0,151000
2023-02-27,615.2911376953125,634.0,634.0,622.0,629.0,133800
2023-02-28,639.5534057617188,659.0,663.0,637.0,637.0,316100
2023-03-01,633.7305297851562,653.0,664.0,652.0,661.0,159000
2023-03-02,637.6124877929688,657.0,658.0,641.0,651.0,236100
2023-03-03,634.7009887695312,654.0,664.0,651.0,660.0,116900
2023-03-06,625.966552734375,645.0,663.0,645.0,658.0,176000
2023-03-07,628.8780517578125,648.0,650.0,638.0,643.0,218800
2023-03-08,635.6715087890625,655.0,656.0,649.0,649.0,165300
2023-03-09,624.99609375,644.0,655.0,642.0,655.0,160000
2023-03-10,611.4092407226562,630.0,639.0,627.0,637.0,193000
2023-03-13,601.7042846679688,620.0,624.0,611.0,620.0,314000
2023-03-14,574.5305786132812,592.0,617.0,590.0,615.0,464900
2023-03-15,591.9993896484375,610.0,626.0,604.0,622.0,312500
2023-03-16,597.8223876953125,616.0,618.0,597.0,605.0,225500
2023-03-17,619.1731567382812,638.0,638.0,625.0,625.0,238300
2023-03-20,614.3206787109375,633.0,639.0,627.0,633.0,191500
2023-03-22,623.0551147460938,642.0,645.0,634.0,640.0,167200
2023-03-23,635.6715087890625,655.0,665.0,634.0,638.0,285600
2023-03-24,659.9337768554688,680.0,682.0,652.0,655.0,416600
2023-03-27,681.2845458984375,702.0,705.0,669.0,678.0,561700
2023-03-28,693.9009399414062,715.0,722.0,694.0,698.0,750900
2023-03-29,668.6681518554688,689.0,691.0,666.0,687.0,493200
2023-03-30,659.9337768554688,680.0,700.0,677.0,689.0,164000
2023-03-31,658.9632568359375,679.0,685.0,663.0,680.0,318300
2023-04-03,671.5796508789062,692.0,695.0,682.0,687.0,325100
2023-04-04,660.9042358398438,681.0,690.0,669.0,690.0,228800
2023-04-05,650.2288818359375,670.0,678.0,663.0,675.0,188300
2023-04-06,656.0517578125,676.0,679.0,661.0,667.0,169500
2023-04-07,651.1993408203125,671.0,684.0,664.0,677.0,174300
2023-04-10,659.9337768554688,680.0,683.0,671.0,678.0,151900
2023-04-11,650.2288818359375,670.0,689.0,670.0,676.0,327600
2023-04-12,631.78955078125,651.0,673.0,650.0,673.0,248800
2023-04-13,633.7305297851562,653.0,653.0,641.0,650.0,128900
2023-04-14,658.9632568359375,679.0,682.0,653.0,655.0,290900
2023-04-17,642.4649047851562,662.0,679.0,661.0,670.0,227500
2023-04-18,647.3173828125,667.0,669.0,657.0,661.0,155500
2023-04-19,633.7305297851562,653.0,665.0,653.0,661.0,105300
2023-04-20,628.8780517578125,648.0,655.0,646.0,652.0,150000
2023-04-21,625.966552734375,645.0,654.0,641.0,651.0,165300
2023-04-24,620.1436157226562,639.0,650.0,639.0,645.0,173700
2023-04-25,622.0846557617188,641.0,644.0,638.0,641.0,214200
2023-04-26,626.9370727539062,646.0,647.0,631.0,638.0,132400
2023-04-27,623.0551147460938,642.0,650.0,639.0,640.0,123700
2023-04-28,628.8780517578125,648.0,648.0,633.0,642.0,162800
2023-05-01,624.025634765625,643.0,658.0,643.0,655.0,139700
2023-05-02,628.8780517578125,648.0,652.0,642.0,643.0,192000
2023-05-08,644.4058837890625,664.0,674.0,645.0,650.0,616700
2023-05-09,741.4550170898438,764.0,764.0,764.0,764.0,119200
2023-05-10,853.0614624023438,879.0,910.0,808.0,809.0,5433000
2023-05-11,863.73681640625,890.0,904.0,862.0,878.0,1373700
2023-05-12,718.1632080078125,740.0,795.0,740.0,773.0,2395300
2023-05-15,704.5763549804688,726.0,731.0,690.0,725.0,1356600
2023-05-16,714.28125,736.0,744.0,717.0,723.0,648900
2023-05-17,726.8976440429688,749.0,760.0,732.0,738.0,359100
2023-05-18,759.894287109375,783.0,792.0,744.0,751.0,577800
2023-05-19,785.1270751953125,809.0,819.0,772.0,785.0,568400
2023-05-22,814.2417602539062,839.0,843.0,800.0,801.0,547600
2023-05-23,829.7696533203125,855.0,868.0,840.0,840.0,748400
2023-05-24,822.9762573242188,848.0,879.0,841.0,854.0,611200
2023-05-25,813.2713012695312,838.0,860.0,823.0,848.0,455100
2023-05-26,817.1532592773438,842.0,858.0,828.0,838.0,546000
2023-05-29,848.208984375,874.0,881.0,850.0,850.0,495800
2023-05-30,807.4483642578125,832.0,873.0,832.0,870.0,282800
2023-05-31,806.4778442382812,831.0,845.0,822.0,831.0,241600
2023-06-01,779.3041381835938,803.0,839.0,800.0,830.0,299100
2023-06-02,754.0713500976562,777.0,797.0,770.0,792.0,488900
2023-06-05,754.0713500976562,777.0,795.0,765.0,792.0,223300
2023-06-06,772.5107421875,796.0,805.0,765.0,777.0,277900
2023-06-07,754.0713500976562,777.0,796.0,767.0,796.0,227300
2023-06-08,755.0418701171875,778.0,796.0,772.0,786.0,202800
2023-06-09,716.2222290039062,738.0,783.0,738.0,783.0,346300
2023-06-12,711.3697509765625,733.0,740.0,716.0,730.0,536000
2023-06-13,711.3697509765625,733.0,749.0,728.0,742.0,300500
2023-06-14,731.7501220703125,754.0,760.0,735.0,735.0,324100
2023-06-15,730.7796020507812,753.0,765.0,738.0,751.0,296500
2023-06-16,749.2188720703125,772.0,775.0,753.0,755.0,184000
2023-06-19,761.8352661132812,785.0,793.0,760.0,775.0,294700
2023-06-20,758.923828125,782.0,786.0,764.0,786.0,177200
2023-06-21,737.572998046875,760.0,778.0,755.0,777.0,199200
2023-06-22,733.6910400390625,756.0,775.0,755.0,760.0,147200
2023-06-23,723.015625,745.0,766.0,740.0,766.0,160600
2023-06-26,720.1041870117188,742.0,745.0,730.0,745.0,204800
2023-06-27,710.3992919921875,732.0,737.0,717.0,735.0,170600
2023-06-28,716.2222290039062,738.0,750.0,733.0,740.0,114200
2023-06-29,714.28125,736.0,742.0,730.0,736.0,110400
2023-06-30,723.9861450195312,746.0,748.0,721.0,732.0,143100
2023-07-03,733.6910400390625,756.0,763.0,747.0,750.0,174600
2023-07-04,752.13037109375,775.0,776.0,755.0,757.0,172000
2023-07-05,730.7796020507812,753.0,773.0,753.0,770.0,116000
2023-07-06,726.8976440429688,749.0,762.0,737.0,746.0,154100
2023-07-07,723.015625,745.0,755.0,741.0,744.0,97100
2023-07-10,727.8681030273438,750.0,757.0,744.0,747.0,153800
2023-07-11,723.9861450195312,746.0,758.0,742.0,758.0,108700
2023-07-12,717.1927490234375,739.0,755.0,731.0,752.0,181500
2023-07-13,732.7205810546875,755.0,756.0,737.0,740.0,180800
2023-07-14,715.2517700195312,737.0,755.0,731.0,755.0,180200
2023-07-18,714.28125,736.0,744.0,726.0,737.0,94700
2023-07-19,708.458251953125,730.0,742.0,727.0,737.0,183400
2023-07-20,695.8419189453125,717.0,729.0,715.0,726.0,204200
2023-07-21,691.9599609375,713.0,720.0,702.0,715.0,200400
2023-07-24,692.930419921875,714.0,721.0,707.0,711.0,244900
2023-07-25,672.5501098632812,693.0,712.0,690.0,712.0,378300
2023-07-26,676.43212890625,697.0,700.0,690.0,692.0,197400
2023-07-27,661.874755859375,682.0,693.0,678.0,687.0,176200
2023-07-28,653.1403198242188,673.0,679.0,667.0,677.0,528300
2023-07-31,665.7566528320312,686.0,687.0,669.0,673.0,159700
2023-08-01,652.1697998046875,672.0,691.0,660.0,684.0,328700
2023-08-02,658.9632568359375,679.0,689.0,668.0,672.0,245800
2023-08-03,651.1993408203125,671.0,677.0,665.0,672.0,195900
2023-08-04,658.9632568359375,679.0,682.0,670.0,674.0,219800
2023-08-07,652.1697998046875,672.0,677.0,644.0,659.0,609700
2023-08-08,650.2288818359375,670.0,676.0,654.0,673.0,241100
2023-08-09,666.7271728515625,687.0,699.0,665.0,665.0,298100
2023-08-10,659.9337768554688,680.0,698.0,677.0,679.0,224500
2023-08-14,685.16650390625,706.0,711.0,680.0,682.0,347500
2023-08-15,715.2517700195312,737.0,737.0,698.0,706.0,320600
2023-08-16,698.75341796875,720.0,730.0,713.0,730.0,296200
2023-08-17,690.989501953125,712.0,715.0,696.0,715.0,224000
2023-08-18,683.2255249023438,704.0,714.0,697.0,705.0,156100
2023-08-21,706.5172729492188,728.0,729.0,698.0,700.0,258700
2023-08-22,702.6353759765625,724.0,738.0,720.0,726.0,169400
2023-08-23,707.48779296875,729.0,732.0,715.0,718.0,199100
2023-08-24,728.838623046875,751.0,753.0,730.0,730.0,396200
2023-08-25,723.015625,745.0,761.0,732.0,738.0,343000
2023-08-28,704.5763549804688,726.0,760.0,726.0,760.0,167600
2023-08-29,695.8419189453125,717.0,720.0,703.0,717.0,324100
2023-08-30,690.989501953125,712.0,721.0,710.0,718.0,128100
2023-08-31,683.2255249023438,704.0,717.0,703.0,712.0,129100
2023-09-01,700.6943969726562,722.0,722.0,707.0,707.0,100300
2023-09-04,699.723876953125,721.0,722.0,709.0,722.0,91500
2023-09-05,696.8123779296875,718.0,726.0,713.0,716.0,77100
2023-09-06,694.8713989257812,716.0,723.0,714.0,715.0,107300
2023-09-07,686.1370239257812,707.0,715.0,705.0,715.0,144900
2023-09-08,698.75341796875,720.0,723.0,704.0,704.0,163400
2023-09-11,702.6353759765625,724.0,745.0,717.0,720.0,287600
2023-09-12,720.1041870117188,742.0,751.0,721.0,722.0,259600
2023-09-13,733.6910400390625,756.0,757.0,732.0,733.0,149200
2023-09-14,707.48779296875,729.0,758.0,729.0,757.0,308800
2023-09-15,716.2222290039062,738.0,745.0,734.0,740.0,153600
2023-09-19,703.6058349609375,725.0,750.0,724.0,740.0,350400
2023-09-20,681.2845458984375,702.0,728.0,697.0,721.0,425400
2023-09-21,672.5501098632812,693.0,708.0,688.0,706.0,328400
2023-09-22,689.0485229492188,710.0,714.0,688.0,688.0,281500
2023-09-25,683.2255249023438,704.0,718.0,704.0,708.0,63300
2023-09-26,718.1632080078125,740.0,745.0,719.0,719.0,366900
2023-09-27,724.9566650390625,747.0,747.0,724.0,725.0,202700
2023-09-28,732.7205810546875,755.0,767.0,742.0,746.0,221400
2023-09-29,723.9861450195312,746.0,758.0,740.0,752.0,125100
2023-10-02,722.045166015625,744.0,767.0,742.0,758.0,222400
2023-10-03,704.5763549804688,726.0,742.0,726.0,737.0,157000
2023-10-04,683.2255249023438,704.0,718.0,702.0,711.0,380800
2023-10-05,708.458251953125,730.0,736.0,710.0,710.0,229300
2023-10-06,713.3107299804688,735.0,735.0,714.0,729.0,135300
2023-10-10,704.5763549804688,726.0,739.0,723.0,733.0,102800
2023-10-11,703.6058349609375,725.0,733.0,722.0,732.0,125900
2023-10-12,702.6353759765625,724.0,729.0,714.0,726.0,187200
2023-10-13,688.0780029296875,709.0,722.0,708.0,719.0,135900
2023-10-16,682.2550048828125,703.0,712.0,700.0,707.0,127100
2023-10-17,694.8713989257812,716.0,726.0,704.0,704.0,87600
2023-10-18,705.546875,727.0,728.0,708.0,715.0,88500
2023-10-19,698.75341796875,720.0,724.0,712.0,719.0,72600
2023-10-20,686.1370239257812,707.0,716.0,702.0,711.0,110600
2023-10-23,675.4616088867188,696.0,714.0,696.0,703.0,165300
2023-10-24,691.9599609375,713.0,717.0,680.0,701.0,242300
2023-10-25,690.989501953125,712.0,726.0,706.0,717.0,113700
2023-10-26,676.43212890625,697.0,711.0,694.0,711.0,123100
2023-10-27,667.6976318359375,688.0,699.0,660.0,699.0,700100
2023-10-30,673.5206298828125,694.0,694.0,669.0,683.0,201500
2023-10-31,666.7271728515625,687.0,694.0,676.0,694.0,187400
2023-11-01,666.7271728515625,687.0,691.0,677.0,688.0,156000
2023-11-02,683.2255249023438,704.0,707.0,689.0,695.0,248400
2023-11-06,791.9204711914062,816.0,835.0,764.0,770.0,1906900
2023-11-07,739.5139770507812,762.0,826.0,754.0,819.0,678200
2023-11-08,743.39599609375,766.0,776.0,747.0,760.0,276200
2023-11-09,768.6287231445312,792.0,796.0,756.0,758.0,211100
2023-11-10,776.3926391601562,800.0,803.0,773.0,773.0,195000
2023-11-13,787.0680541992188,811.0,824.0,796.0,800.0,366900
2023-11-14,779.3041381835938,803.0,814.0,796.0,812.0,261800
2023-11-15,786.0975952148438,810.0,819.0,800.0,810.0,391700
2023-11-16,786.0975952148438,810.0,824.0,802.0,810.0,325500
2023-11-17,786.0975952148438,810.0,821.0,805.0,810.0,153200
2023-11-20,786.0975952148438,810.0,821.0,806.0,810.0,182600
2023-11-21,790.9500122070312,815.0,817.0,808.0,808.0,123100
2023-11-22,757.953369140625,781.0,807.0,775.0,807.0,302300
2023-11-24,744.366455078125,767.0,794.0,763.0,787.0,242000
2023-11-27,727.8681030273438,750.0,772.0,745.0,765.0,186100
2023-11-28,724.9566650390625,747.0,759.0,741.0,751.0,194800
2023-11-29,736.6025390625,759.0,769.0,748.0,748.0,103700
2023-11-30,712.3402709960938,734.0,750.0,729.0,748.0,130100
2023-12-01,705.546875,727.0,743.0,726.0,739.0,168900
2023-12-04,711.3697509765625,733.0,738.0,726.0,727.0,101700
2023-12-05,692.930419921875,714.0,734.0,711.0,729.0,198100
2023-12-06,702.6353759765625,724.0,726.0,715.0,716.0,126100
2023-12-07,690.0189819335938,711.0,722.0,711.0,722.0,90000
2023-12-08,685.16650390625,706.0,718.0,704.0,714.0,121000
2023-12-11,696.8123779296875,718.0,728.0,712.0,715.0,140500
2023-12-12,689.0485229492188,710.0,722.0,709.0,720.0,118300
2023-12-13,692.930419921875,714.0,728.0,712.0,716.0,75900
2023-12-14,689.0485229492188,710.0,721.0,707.0,715.0,104500
2023-12-15,693.9009399414062,715.0,724.0,708.0,710.0,140000
2023-12-18,695.8419189453125,717.0,721.0,709.0,720.0,97500
2023-12-19,705.546875,727.0,728.0,717.0,720.0,79000
2023-12-20,701.6648559570312,723.0,737.0,719.0,730.0,139700
2023-12-21,693.9009399414062,715.0,723.0,710.0,719.0,101700
2023-12-22,692.930419921875,714.0,722.0,710.0,721.0,70100
2023-12-25,705.546875,727.0,731.0,721.0,727.0,147100
2023-12-26,707.48779296875,729.0,738.0,725.0,725.0,116000
2023-12-27,716.2222290039062,738.0,742.0,727.0,738.0,214900
2023-12-28,721.1548461914062,731.0,732.0,707.0,720.0,206500
2023-12-29,709.3164672851562,719.0,735.0,716.0,733.0,93900
2024-01-04,716.2222290039062,726.0,733.0,710.0,723.0,126400
2024-01-05,706.3568725585938,716.0,727.0,716.0,726.0,57700
2024-01-09,715.2356567382812,725.0,736.0,722.0,722.0,113500
2024-01-10,716.2222290039062,726.0,726.0,715.0,725.0,113400
2024-01-11,718.1952514648438,728.0,732.0,722.0,727.0,146100
2024-01-12,717.208740234375,727.0,731.0,721.0,728.0,130100
2024-01-15,708.3299560546875,718.0,729.0,718.0,729.0,56300
2024-01-16,693.531982421875,703.0,729.0,703.0,729.0,162200
2024-01-17,684.6531982421875,694.0,707.0,690.0,706.0,259100
2024-01-18,681.693603515625,691.0,695.0,684.0,685.0,256200
2024-01-19,680.70703125,690.0,703.0,690.0,700.0,182000
2024-01-22,690.5723876953125,700.0,705.0,690.0,693.0,98300
2024-01-23,682.6801147460938,692.0,704.0,692.0,701.0,110800
2024-01-24,676.7609252929688,686.0,695.0,684.0,691.0,135700
2024-01-25,678.7340087890625,688.0,688.0,671.0,686.0,200900
2024-01-26,673.8013305664062,683.0,690.0,677.0,678.0,212100
2024-01-29,674.787841796875,684.0,693.0,681.0,685.0,82100
2024-01-30,675.7744140625,685.0,695.0,683.0,691.0,103000
2024-01-31,671.8282470703125,681.0,684.0,678.0,682.0,75400
2024-02-01,659.9898681640625,669.0,681.0,665.0,681.0,295200
2024-02-02,658.016845703125,667.0,675.0,666.0,675.0,178600
2024-02-05,662.949462890625,672.0,678.0,665.0,668.0,241800
2024-02-06,660.9764404296875,670.0,680.0,668.0,678.0,237600
2024-02-07,660.9764404296875,670.0,690.0,668.0,684.0,224300
2024-02-08,662.949462890625,672.0,675.0,664.0,674.0,146600
2024-02-09,669.855224609375,679.0,680.0,668.0,673.0,179600
2024-02-13,742.8585815429688,753.0,773.0,741.0,750.0,1617800
2024-02-14,756.6700439453125,767.0,774.0,750.0,751.0,533500
2024-02-15,733.9797973632812,744.0,774.0,744.0,770.0,253900
2024-02-16,777.38720703125,788.0,788.0,736.0,740.0,495800
2024-02-19,770.4814453125,781.0,803.0,777.0,788.0,291200
2024-02-20,801.06396484375,812.0,814.0,778.0,789.0,357500
2024-02-21,813.8888549804688,825.0,840.0,820.0,822.0,491900
2024-02-22,785.2794799804688,796.0,822.0,795.0,818.0,206200
2024-02-26,787.2525024414062,798.0,820.0,795.0,797.0,166200
2024-02-27,807.9696655273438,819.0,826.0,796.0,800.0,219400
2024-02-28,828.6868286132812,840.0,841.0,819.0,825.0,202200
2024-02-29,808.9562377929688,820.0,831.0,813.0,831.0,154300
2024-03-01,813.8888549804688,825.0,840.0,808.0,814.0,151300
2024-03-04,829.6734008789062,841.0,858.0,826.0,830.0,370000
2024-03-05,842.498291015625,854.0,864.0,839.0,842.0,173900
2024-03-06,836.5791015625,848.0,872.0,840.0,861.0,341900
2024-03-07,814.8754272460938,826.0,855.0,821.0,854.0,266000
2024-03-08,826.7138061523438,838.0,849.0,826.0,826.0,203000
2024-03-11,822.7676391601562,834.0,846.0,825.0,830.0,145100
2024-03-12,847.4309692382812,859.0,859.0,821.0,834.0,239600
2024-03-13,828.6868286132812,840.0,860.0,836.0,858.0,119800
2024-03-14,820.7946166992188,832.0,839.0,821.0,838.0,170700
2024-03-15,807.9696655273438,819.0,832.0,819.0,830.0,114800
2024-03-18,835.5925903320312,847.0,857.0,817.0,818.0,231200
2024-03-19,828.6868286132812,840.0,855.0,839.0,851.0,102500
2024-03-21,844.4713745117188,856.0,860.0,840.0,840.0,106700
2024-03-22,849.404052734375,861.0,867.0,850.0,855.0,100600
2024-03-25,880.9730224609375,893.0,917.0,888.0,905.0,602600
2024-03-26,883.9326171875,896.0,909.0,882.0,886.0,242800
2024-03-27,879.9865112304688,892.0,899.0,887.0,897.0,140000
2024-03-28,861.242431640625,873.0,888.0,872.0,888.0,176000
2024-03-29,859.2693481445312,871.0,877.0,869.0,875.0,50600
2024-04-01,838.5521850585938,850.0,881.0,836.0,876.0,445800
2024-04-02,832.6329956054688,844.0,880.0,840.0,868.0,379000
2024-04-03,823.7542114257812,835.0,841.0,820.0,832.0,304500
2024-04-04,829.6734008789062,841.0,844.0,830.0,840.0,158600
2024-04-05,820.7946166992188,832.0,839.0,823.0,828.0,159200
2024-04-08,851.3770751953125,863.0,864.0,842.0,845.0,183500
2024-04-09,891.8248901367188,904.0,908.0,862.0,862.0,301600
2024-04-10,897.7440795898438,910.0,916.0,903.0,906.0,176600
2024-04-11,875.0538330078125,887.0,899.0,883.0,898.0,101700
2024-04-12,876.0404052734375,888.0,901.0,883.0,897.0,94600
2024-04-15,865.1885375976562,877.0,883.0,871.0,877.0,99600
2024-04-16,858.2828369140625,870.0,878.0,866.0,874.0,104600
2024-04-17,837.565673828125,849.0,870.0,841.0,865.0,143200
2024-04-18,853.3501586914062,865.0,866.0,841.0,848.0,120800
2024-04-19,814.8754272460938,826.0,860.0,823.0,858.0,232500
2024-04-22,818.821533203125,830.0,834.0,818.0,828.0,188700
2024-04-23,823.7542114257812,835.0,840.0,825.0,831.0,103600
2024-04-24,838.5521850585938,850.0,862.0,835.0,835.0,137200
2024-04-25,821.7811279296875,833.0,844.0,828.0,843.0,114300
2024-04-26,813.8888549804688,825.0,831.0,815.0,827.0,190800
2024-04-30,821.7811279296875,833.0,833.0,820.0,830.0,164200
2024-05-01,823.7542114257812,835.0,846.0,833.0,834.0,127600
2024-05-02,816.8484497070312,828.0,848.0,824.0,838.0,152800
2024-05-07,832.6329956054688,844.0,846.0,835.0,835.0,121600
2024-05-08,823.7542114257812,835.0,846.0,835.0,844.0,139500
2024-05-09,816.8484497070312,828.0,845.0,807.0,845.0,293500
2024-05-10,813.8888549804688,825.0,830.0,809.0,828.0,274100
2024-05-13,807.9696655273438,819.0,859.0,810.0,855.0,400900
2024-05-14,783.306396484375,794.0,820.0,786.0,819.0,439000
2024-05-15,769.4949340820312,780.0,793.0,768.0,792.0,367100
2024-05-16,781.3333129882812,792.0,796.0,779.0,789.0,183700
2024-05-17,777.38720703125,788.0,798.0,777.0,791.0,160900
2024-05-20,808.9562377929688,820.0,825.0,784.0,788.0,262000
2024-05-21,851.3770751953125,863.0,880.0,827.0,827.0,453400
2024-05-22,809.9427490234375,821.0,856.0,820.0,856.0,172700
2024-05-23,806.983154296875,818.0,831.0,812.0,821.0,152200
2024-05-24,801.06396484375,812.0,824.0,802.0,803.0,159000
2024-05-27,804.0235595703125,815.0,816.0,802.0,812.0,109100
2024-05-28,801.06396484375,812.0,820.0,808.0,816.0,133200
2024-05-29,803.0370483398438,814.0,814.0,803.0,812.0,102200
2024-05-30,809.9427490234375,821.0,821.0,801.0,805.0,116600
2024-05-31,819.8080444335938,831.0,837.0,819.0,825.0,135600
2024-06-03,805.0100708007812,816.0,840.0,816.0,840.0,89500
2024-06-04,815.8619384765625,827.0,832.0,815.0,817.0,72300
2024-06-05,804.0235595703125,815.0,829.0,812.0,821.0,75000
2024-06-06,799.0908813476562,810.0,820.0,809.0,819.0,43800
2024-06-07,839.5386962890625,851.0,858.0,810.0,810.0,266600
2024-06-10,827.7003173828125,839.0,856.0,826.0,843.0,145800
2024-06-11,807.9696655273438,819.0,834.0,812.0,834.0,159100
2024-06-12,823.7542114257812,835.0,842.0,820.0,834.0,85200
2024-06-13,819.8080444335938,831.0,854.0,828.0,840.0,109900
2024-06-14,838.5521850585938,850.0,858.0,826.0,828.0,109700
2024-06-17,829.6734008789062,841.0,857.0,835.0,857.0,56200
2024-06-18,831.6464233398438,843.0,856.0,840.0,843.0,64000
2024-06-19,840.5252685546875,852.0,865.0,850.0,850.0,111500
2024-06-20,839.5386962890625,851.0,861.0,846.0,852.0,70000
2024-06-21,844.4713745117188,856.0,871.0,854.0,860.0,92700
2024-06-24,861.242431640625,873.0,880.0,863.0,870.0,89100
2024-06-25,845.4578857421875,857.0,875.0,850.0,875.0,79200
2024-06-26,879.0,891.0,908.0,857.0,865.0,410100
2024-06-27,886.0,886.0,888.0,855.0,876.0,159000
2024-06-28,863.0,863.0,890.0,863.0,886.0,150100
2024-07-01,877.0,877.0,877.0,855.0,864.0,139300
2024-07-02,888.0,888.0,896.0,869.0,879.0,105800
2024-07-03,888.0,888.0,893.0,883.0,884.0,51900
2024-07-04,881.0,881.0,892.0,880.0,890.0,70900
2024-07-05,898.0,898.0,905.0,884.0,888.0,125900
2024-07-08,890.0,890.0,901.0,886.0,898.0,60000
2024-07-09,895.0,895.0,904.0,890.0,895.0,82400
2024-07-10,889.0,889.0,905.0,887.0,895.0,84000
2024-07-11,881.0,881.0,893.0,879.0,893.0,78300
2024-07-12,901.0,901.0,906.0,879.0,882.0,172900
2024-07-16,921.0,921.0,924.0,897.0,902.0,176500
2024-07-17,918.0,918.0,925.0,912.0,925.0,69100
2024-07-18,895.0,895.0,921.0,892.0,910.0,96700
2024-07-19,886.0,886.0,894.0,881.0,888.0,91100
2024-07-22,870.0,870.0,892.0,864.0,892.0,113800
2024-07-23,874.0,874.0,880.0,868.0,870.0,31000
2024-07-24,864.0,864.0,876.0,860.0,874.0,86700
2024-07-25,843.0,843.0,859.0,838.0,856.0,108400
2024-07-26,853.0,853.0,863.0,850.0,854.0,110200
2024-07-29,869.0,869.0,874.0,861.0,868.0,82200
2024-07-30,874.0,874.0,878.0,868.0,875.0,64800
2024-07-31,867.0,867.0,876.0,841.0,873.0,119400
2024-08-01,830.0,830.0,865.0,827.0,865.0,203400
2024-08-02,791.0,791.0,825.0,784.0,801.0,364400
2024-08-05,690.0,690.0,759.0,680.0,744.0,792400
2024-08-06,790.0,790.0,790.0,745.0,760.0,385000
2024-08-07,799.0,799.0,820.0,779.0,787.0,195000
2024-08-08,793.0,793.0,805.0,782.0,795.0,149400
2024-08-09,800.0,800.0,821.0,789.0,800.0,189100
2024-08-13,825.0,825.0,838.0,810.0,815.0,392500
2024-08-14,824.0,824.0,829.0,795.0,822.0,169300
2024-08-15,844.0,844.0,851.0,827.0,832.0,186100
2024-08-16,892.0,892.0,892.0,857.0,859.0,146900
2024-08-19,876.0,876.0,898.0,869.0,881.0,206300
2024-08-20,904.0,904.0,908.0,883.0,891.0,126300
2024-08-21,947.0,947.0,948.0,900.0,900.0,227300
2024-08-22,950.0,950.0,966.0,941.0,947.0,185000
2024-08-23,951.0,951.0,954.0,943.0,950.0,90800
2024-08-26,948.0,948.0,960.0,942.0,960.0,136800
2024-08-27,957.0,957.0,960.0,945.0,953.0,108900
2024-08-28,969.0,969.0,969.0,925.0,956.0,214800
2024-08-29,947.0,947.0,962.0,938.0,939.0,88000
2024-08-30,955.0,955.0,960.0,946.0,947.0,64500
2024-09-02,921.0,921.0,959.0,919.0,959.0,116500
2024-09-03,953.0,953.0,958.0,923.0,923.0,101100
2024-09-04,948.0,948.0,963.0,928.0,928.0,140700
2024-09-05,964.0,964.0,984.0,939.0,945.0,144700
2024-09-06,957.0,957.0,976.0,946.0,976.0,130900
2024-09-09,946.0,946.0,954.0,921.0,929.0,73500
2024-09-10,960.0,960.0,969.0,934.0,947.0,114400
2024-09-11,962.0,962.0,968.0,949.0,967.0,94100
2024-09-12,1000.0,1000.0,1003.0,963.0,963.0,217800
2024-09-13,988.0,988.0,1003.0,972.0,990.0,142300
2024-09-17,993.0,993.0,1000.0,981.0,993.0,70900
2024-09-18,999.0,999.0,1004.0,986.0,998.0,85600
2024-09-19,1149.0,1149.0,1149.0,1100.0,1100.0,1763600
2024-09-20,1150.0,1150.0,1179.0,1137.0,1160.0,732700
2024-09-24,1214.0,1214.0,1216.0,1131.0,1177.0,741100
2024-09-25,1210.0,1210.0,1213.0,1138.0,1201.0,728000
2024-09-26,1190.0,1190.0,1201.0,1170.0,1201.0,282100
2024-09-27,1230.0,1230.0,1230.0,1194.0,1211.0,270000
2024-09-30,1187.0,1187.0,1200.0,1172.0,1180.0,220000
2024-10-01,1220.0,1220.0,1234.0,1206.0,1229.0,247200
2024-10-02,1214.0,1214.0,1228.0,1206.0,1220.0,198400
2024-10-03,1203.0,1203.0,1234.0,1186.0,1234.0,170500
2024-10-04,1218.0,1218.0,1223.0,1192.0,1193.0,111100
2024-10-07,1221.0,1221.0,1230.0,1201.0,1220.0,144600
2024-10-08,1262.0,1262.0,1267.0,1221.0,1234.0,392500
2024-10-09,1282.0,1282.0,1294.0,1264.0,1275.0,470400
2024-10-10,1288.0,1288.0,1290.0,1256.0,1274.0,251000
2024-10-11,1291.0,1291.0,1309.0,1279.0,1287.0,373200
2024-10-15,1303.0,1303.0,1314.0,1283.0,1308.0,318800
2024-10-16,1314.0,1314.0,1325.0,1243.0,1300.0,337600
2024-10-17,1299.0,1299.0,1319.0,1282.0,1301.0,304900
2024-10-18,1310.0,1310.0,1329.0,1306.0,1306.0,219200
2024-10-21,1321.0,1321.0,1330.0,1285.0,1300.0,187000
2024-10-22,1290.0,1290.0,1312.0,1287.0,1308.0,252800
2024-10-23,1264.0,1264.0,1300.0,1261.0,1290.0,239400
2024-10-24,1271.0,1271.0,1281.0,1252.0,1260.0,189800
2024-10-25,1242.0,1242.0,1271.0,1223.0,1255.0,382300
2024-10-28,1258.0,1258.0,1293.0,1242.0,1272.0,289500
2024-10-29,1300.0,1300.0,1305.0,1256.0,1256.0,301500
2024-10-30,1309.0,1309.0,1337.0,1274.0,1297.0,3150200
2024-10-31,1217.0,1217.0,1270.0,1208.0,1261.0,689200
2024-11-01,1208.0,1208.0,1234.0,1173.0,1224.0,344900
2024-11-05,1224.0,1224.0,1225.0,1201.0,1216.0,187400
2024-11-06,1216.0,1216.0,1223.0,1181.0,1215.0,165600
2024-11-07,1236.0,1236.0,1254.0,1212.0,1228.0,331800
2024-11-08,1356.0,1356.0,1360.0,1249.0,1292.0,769500
2024-11-11,1328.0,1328.0,1380.0,1315.0,1332.0,638800
2024-11-12,1340.0,1340.0,1348.0,1312.0,1348.0,249700
2024-11-13,1409.0,1409.0,1418.0,1341.0,1363.0,632600
2024-11-14,1382.0,1382.0,1416.0,1347.0,1410.0,298800
2024-11-15,1303.0,1303.0,1354.0,1303.0,1347.0,248300
2024-11-18,1361.0,1361.0,1374.0,1325.0,1349.0,253300
2024-11-19,1369.0,1369.0,1393.0,1347.0,1348.0,206800
2024-11-20,1389.0,1389.0,1389.0,1363.0,1369.0,140400
2024-11-21,1384.0,1384.0,1410.0,1378.0,1400.0,115600
2024-11-22,1337.0,1337.0,1379.0,1324.0,1379.0,219200
2024-11-25,1352.0,1352.0,1365.0,1340.0,1340.0,165800
2024-11-26,1332.0,1332.0,1340.0,1314.0,1335.0,127200
2024-11-27,1324.0,1324.0,1338.0,1308.0,1337.0,160200
2024-11-28,1353.0,1353.0,1354.0,1307.0,1320.0,160600
2024-11-29,1343.0,1343.0,1356.0,1340.0,1345.0,117200
2024-12-02,1369.0,1369.0,1376.0,1336.0,1342.0,162900
2024-12-03,1382.0,1382.0,1394.0,1364.0,1384.0,188500
2024-12-04,1375.0,1375.0,1391.0,1373.0,1391.0,107500
2024-12-05,1462.0,1462.0,1463.0,1394.0,1394.0,432800
2024-12-06,1428.0,1428.0,1446.0,1408.0,1446.0,227500
2024-12-09,1419.0,1419.0,1447.0,1412.0,1444.0,158400
2024-12-10,1411.0,1411.0,1419.0,1383.0,1410.0,165400
2024-12-11,1422.0,1422.0,1435.0,1411.0,1419.0,134800
2024-12-12,1421.0,1421.0,1438.0,1418.0,1432.0,108000
2024-12-13,1408.0,1408.0,1427.0,1399.0,1419.0,133900
2024-12-16,1401.0,1401.0,1416.0,1390.0,1416.0,137700
2024-12-17,1371.0,1371.0,1401.0,1362.0,1401.0,169700
2024-12-18,1379.0,1379.0,1400.0,1370.0,1374.0,168500
2024-12-19,1369.0,1369.0,1380.0,1337.0,1350.0,137700
2024-12-20,1380.0,1380.0,1401.0,1355.0,1387.0,245700
2024-12-23,1383.0,1383.0,1410.0,1374.0,1398.0,132700
2024-12-24,1374.0,1374.0,1383.0,1357.0,1383.0,124900
